-1.0105431
0.25605848
0.29990774
0.04697192
-0.06747387
-0.93360114
-0.60338056
0.2908211
0.09755806
-0.39219168
0.32111457
1.6871127
-0.107528575
-0.48439652
-0.6990271
-0.3835497
0.51029116
-0.11569612
0.9961815
0.162486
-0.07942616
-0.60244244
-0.95942694
0.5448978
0.0022030515
-0.44769648
-0.38002264
0.0038217008
0.083186574
-1.2879969
-1.2606943
-0.53026897
0.75597733
1.2416788
2.0924613
0.93805075
-1.2754604
-0.5355691
0.064376034
-0.6614824
1.5949372
0.1448664
0.03685897
-0.04735158
0.059904598
0.25158557
0.074364126
0.31905714
-0.09563039
-0.24229081
0.24729717
0.28409
-0.44839486
-0.04002917
-0.46217585
0.9986605
1.2764841
0.117285475
0.89988154
1.1477898
-0.5256484
-0.12477196
-0.5364629
0.43789563
0.24967521
-0.9727715
0.018377315
0.21416503
1.0067663
-0.44451138
0.19183597
0.20354629
1.4026471
-0.25862402
-0.18204994
0.35716936
-0.4511616
0.99908245
-0.039401773
-0.50330156
-0.3413857
-0.18158041
0.11849372
0.9677741
1.5372136
-0.2225649
0.2309334
-0.4307706
-0.39274755
0.08480692
-0.1604035
-0.6249669
1.7694782
1.4362788
0.024348106
-1.33101
-0.4689866
-1.3186424
0.05495155
0.87776023
0.28020838
2.4520938
0.90342695
0.24061403
0.83879495
0.04309192
0.6315261
-0.09708594
-0.60025704
0.83005077
0.051120993
-0.9633101
-0.3344611
0.4058465
1.21622
-0.43436247
-0.2042533
-0.23954326
-0.5782375
0.5821455
0.74854255
-0.74195147
-0.965549
0.24041386
0.8684661
-0.86831075
0.07650416
0.49465653
1.1804916
-0.015714265
-0.67478657
-0.42845097
0.6700211
-0.49337378
0.3369413
-0.11684242
0.60900843
0.65566397
-0.99381787
-0.30597898
0.30978596
0.8489255
0.47164506
0.028282437
0.3334581
-0.33656737
0.41449538
-0.18427756
0.30421147
1.6178849
0.8169678
0.28556257
-0.15089291
0.73707134
-1.1560819
0.37676558
0.5985184
-0.8455362
-0.41443503
0.06898336
0.77366436
0.5775633
0.8296829
0.41089922
-0.20586595
0.92727405
-0.07781175
0.9473631
2.9782622
0.20169349
0.6153331
-1.0536138
-0.23565635
-0.6412949
-1.5651411
0.330316
2.2756257
1.185069
-0.2984069
-0.9637156
-1.0708919
0.05148764
0.025315523
0.5966325
0.13092652
0.7914768
0.026999058
-0.91399145
0.95969003
-0.25895438
0.010262176
-0.2991765
0.5448748
0.29447472
-0.052548133
0.5371084
-1.0066267
-0.754186
0.8631553
-0.067668684
-0.31957325
1.438314
-0.4115739
-0.54817384
-0.5333582
-0.4321474
0.67168707
-0.11426387
0.6875694
-1.4165478
0.7143147
1.0454878
0.8380821
0.741799
0.28427967
-0.61864454
0.108922556
0.41837302
-0.1766227
-1.0851529
0.6725898
-0.71721613
1.2701579
0.6949928
-0.83303344
0.029460447
0.39877358
-0.7173897
-0.8231674
-0.12912822
0.1545145
0.13645205
0.30957103
-1.0072615
1.1673609
1.4260579
1.4641865
0.9615959
-1.1307751
-1.3841842
-1.2438118
-0.0859686
0.49034742
-0.562655
-0.5857341
0.23560156
0.20809075
-0.09730956
-0.45755225
-0.5315353
1.2626638
0.24820504
-0.2112327
0.56264484
-0.7871217
1.227222
0.4284969
-0.2734417
0.12683995
0.5912275
-0.0050231614
0.97747207
0.40659118
0.5931866
1.4487237
-0.5222351
0.047823004
-0.31907544
-0.25400925
-0.26091337
0.6374744
0.15434264
-1.304032
-0.08914286
-0.37579063
-0.19738674
-0.2258264
-0.5869819
-0.033594545
-0.3915106
0.093625784
0.2594185
0.54536957
-0.68553245
0.09994246
0.44357678
0.13913648
-0.4736331
0.70332336
-0.39432138
-0.7104068
0.16383445
0.31572363
0.96407706
-0.5128342
0.7329594
0.5810037
-0.41953042
0.055288635
0.7666319
0.98312795
0.08462368
0.2993507
-0.5755687
-0.028247176
1.1581577
-0.6415876
0.44064984
0.41441652
0.55302817
0.45741743
-0.054811228
-0.22959653
-0.97145146
-0.27494964
-0.29116422
1.2739112
1.674125
0.5944883
0.58602333
0.132287
-0.055682838
-0.7457519
0.21634874
0.62477756
0.4948573
0.20690823
-0.25890124
0.45643866
1.0998372
2.6485605
2.3299766
0.8041363
0.566588
0.55654407
-0.42847675
0.6515544
1.7717184
-0.1110945
-0.1618368
-0.49252295
-0.3481538
-0.4824623
1.0387671
1.3688341
0.65298283
0.6066428
0.05910812
0.14652738
-0.59117115
0.28003478
0.29851317
-0.02135458
0.11948541
1.4031523
1.6870859
0.77295375
-0.11809313
-1.2596014
-0.27613568
0.8790768
0.08826869
-0.24863213
-0.84003145
-0.7028875
0.18612008
0.6002138
1.1789215
0.17361775
0.46374843
0.7421493
1.1187066
-0.36456212
-0.818091
-1.1102127
-0.21385112
0.6447914
1.3529159
0.1482196
0.82328504
0.31095463
-0.32589617
-0.40759978
0.7698543
-0.4270957
0.31197622
0.72915393
0.6774823
-0.4726156
-0.17786506
0.38162392
0.53796816
0.54165536
-0.027705492
0.59036946
0.92391545
-1.2266341
-1.0212718
-0.43357348
0.94244915
1.8685592
0.55186015
-0.58972925
-0.047055546
0.5747208
1.1304927
1.2704536
2.955389
0.9217054
0.2165922
-0.11200845
0.26503062
0.471971
0.98725766
0.09243721
-1.0121696
-0.3569472
1.5064772
1.4799122
0.8142517
1.1122903
-0.2899149
0.03718591
0.21848436
-1.0133405
0.08583329
-0.08401442
-0.059989333
0.21984133
0.66179895
1.3746601
0.625119
1.3713615
0.100302145
-0.98593205
0.24058354
0.6268581
0.39968413
0.7895861
0.54060507
-0.32207868
0.84129214
-0.10124187
-0.31677285
0.5533208
0.3275021
-0.5791686
-1.3362701
0.88576
0.47169274
0.25276634
-0.23934315
-0.8141159
0.5234367
0.9703479
1.1457427
2.2114308
0.35041893
-1.0886424
-0.5637683
-1.0030828
-0.09101764
-0.026708234
0.13203648
0.6938316
0.6617096
0.47899196
-0.30682626
-1.1666378
0.4843481
0.023172328
0.6333813
-0.05696916
1.4881787
1.6470864
0.12394351
0.7614059
0.17303242
0.8398037
-0.108480126
0.12904538
-0.5242486
1.0696054
-0.273897
-0.57635194
0.65570784
0.002195148
-0.038767163
-0.3552091
0.17255731
-0.64943606
-0.28286836
0.911008
-0.26334134
-0.4183056
-0.88717425
-0.17138894
0.011751737
-0.36318904
-0.4691547
-0.6677984
-0.8810629
-0.02078995
1.0853845
-0.9077714
-0.19238566
0.111024976
-0.025369775
0.24741374
0.20246069
0.5526164
1.4020649
-0.16056995
0.9538786
-0.10559901
1.3077368
-0.0501344
0.48801118
-1.0266314
-0.77791655
-0.22763626
-0.6531763
-0.40310296
-0.46818808
-0.5536471
0.25189918
-0.5212715
0.05611859
0.017539453
0.003940181
-0.16692233
0.4751732
-0.9356525
-1.4425809
0.012493837
-0.35403046
0.082237594
-2.7705086E-4
0.21637961
0.5856722
-1.2982432
-0.8662527
-1.5727937
-1.285172
-0.5890812
0.04336377
2.2848618
0.9389311
1.8016863
0.45205742
-0.1680613
1.319166
0.7960842
-0.06251499
-0.5403066
-0.3426564
-0.5848493
0.6149675
-0.46856028
-0.13054511
-0.27853876
0.4084031
0.8452268
0.25184032
-0.34254885
-1.041833
-2.066473
-0.60832137
0.41783127
-0.5064132
-0.101126395
0.2042923
-0.78756255
-1.1841007
-1.1151849
-1.0093995
1.6036912
-1.0575684
-1.7556791
-0.96137327
0.30974078
1.3201088
2.305587
1.148913
1.9294392
-0.24176244
1.4727125
0.8239927
0.82732457
-0.5008654
-0.8648397
0.1461568
-0.9953113
-0.10521348
0.3288087
0.83750844
0.9054137
2.674682
0.82611173
-0.103885144
1.0921357
0.18371068
-1.3203883
-0.22739434
0.5727722
0.32986432
1.0816877
1.6531887
0.0040197745
-1.0387794
-1.4187928
-1.0396397
1.64165
0.050678343
0.76230323
-0.061356984
1.0026104
0.71706474
1.6772894
1.6178713
1.3947426
0.92178756
1.8993813
1.7753872
0.12024662
-0.07559867
0.4550925
0.5719194
0.92020917
0.49317396
-0.5520349
-0.26191354
-0.14030103
0.95402193
0.78611296
2.041319
0.62766033
-0.33814803
0.53808415
-0.53455
-0.22168082
1.089164
1.2228595
1.3950554
0.64609045
-1.0219257
-0.7468164
-0.3428511
-0.034512505
-0.5125449
0.02845851
-0.5179265
0.05642287
-0.12301609
0.43313465
1.1020712
0.4609497
1.476904
1.6803042
2.3773015
1.270477
0.8290078
0.21466237
-1.5706809
-1.448199
1.6400598
-0.6642063
-1.2375404
-1.4458543
0.23854086
1.6748575
1.4901284
1.5593382
1.0052102
-0.6254542
-1.1133252
0.077684
0.7703876
-0.42928046
1.6199
2.435277
1.0236882
-0.27696162
0.25320837
1.0487376
-1.0915458
0.42067066
-0.4835958
-0.21883225
-0.4516862
1.38225
0.9905248
0.07979926
0.8987854
1.5318445
1.8869026
0.43737364
-0.11927399
-1.2699226
-1.9047626
-1.1957028
-0.95158565
0.10618966
-1.1923076
-0.6048613
-0.3424968
0.21953137
-0.17326291
-0.2638359
0.10714864
0.038381778
-1.3018358
-1.5848823
-0.52475655
0.97737575
0.63044554
-1.0004071
0.3063717
-0.15752889
-0.5798958
-0.102414
-0.51899487
0.2045256
-1.4463644
0.40692297
0.5913068
0.8158744
0.47282264
0.4988034
0.5208256
1.1215042
0.17163284
0.25049967
0.33114374
0.52019984
-0.45389056
0.05880519
-1.3924309
0.09653757
0.056436844
1.0573808
-0.07677584
-0.5316434
-0.77428997
-1.6613135
-0.419358
0.29378
-0.7159043
-0.6528638
0.24965109
-0.4936979
-0.20604903
0.34525433
-0.9461103
-0.6536103
-0.59048635
0.44240516
0.26547086
0.36519602
0.44545177
-0.4997157
0.23568043
0.23140545
-0.3515802
-0.18301067
0.2933046
1.3605024
1.0851617
-0.39188907
-1.1307291
-0.11616548
-1.1747514
-0.033129305
-0.28984267
-0.424315
0.35789505
0.44725168
0.8084839
0.5007098
0.33170176
0.817421
-0.45466352
0.07551113
-0.46247712
-0.12720741
-1.0588716
0.17575933
-0.4181325
0.6165328
-0.9661436
0.0792783
0.34038317
0.20001312
-0.041962933
0.568141
-0.22816166
-0.06320397
0.078157715
1.3167335
1.0124543
0.7322105
-0.2306538
0.012095392
0.78948027
-0.35881448
0.22421692
-0.12423798
0.78145945
-0.52637583
0.7657651
-0.18282607
0.801197
0.76396924
0.8474087
0.016768849
0.54104114
0.15615222
-0.20879006
-0.810203
-0.4313409
0.31821012
-1.5139053
0.827501
1.047374
-0.27791417
-1.0241624
-0.9486361
-0.23142281
0.4342867
-1.8152142
-3.3537605
-2.9660437
-1.014193
-0.55279785
1.2577256
0.45788878
0.60403156
1.1979719
0.80629003
0.3803805
-0.31939065
1.3512732
0.27274677
0.16453207
-0.22693728
0.15776071
0.74190325
0.26151657
0.8136676
0.16917817
1.0721482
0.08976093
0.14899722
-1.2730368
-1.1787274
0.3230465
-0.52389026
-0.052243695
0.54705036
1.6206639
0.17179386
-0.8416441
-1.0034825
-0.8329203
-1.2823054
-1.4919219
-2.2646515
-1.126757
-1.2031221
-0.35298973
0.71520066
0.61843985
-0.2773519
0.8543117
0.40681466
0.34235156
-0.23210125
-0.34817913
-1.900947
-2.7061377
-1.1473837
-0.48600587
-0.48668256
0.3290988
0.66330796
-0.9476335
-1.0010949
-0.11474404
-0.08223952
-1.6021305
0.2920756
-0.60463935
-0.16997917
-0.67787325
-0.68536687
-0.08095805
-0.97824484
-0.4503798
-0.101429276
-0.1313323
-0.31218314
-0.27108926
0.3710263
0.79670066
-0.10089447
0.27927053
0.5847635
0.49174443
0.6474184
0.197866
0.27333856
1.031581
-0.7698135
-0.6504266
-2.1635046
-2.7251484
-1.5372307
-0.4993423
-1.3226744
-1.4131477
-0.52018595
-0.45069098
0.6680341
0.5607568
0.31688288
-0.99557173
0.33919573
-1.8995111
-0.7352746
-0.18166648
0.047363233
1.5593858
1.025093
0.41497877
0.5095831
0.7479575
-0.16220263
-0.15599182
0.70596814
0.12451374
-0.97902685
-0.78905994
-0.12389015
1.1829098
0.16100526
0.8911664
1.3511949
0.8305248
-0.5496662
0.5851688
0.44270924
0.9645269
0.07588316
-0.08752599
1.26965
-0.792119
-1.5487171
0.27892554
0.5880135
-0.70673454
-0.51379925
-0.57904315
-1.1458796
-0.17797685
-0.75083655
0.47104704
0.72017896
0.630834
0.2300246
0.68429744
0.057563722
-0.55700856
-0.4372158
0.23312433
-1.4413444
0.026900211
-1.4754071
1.0043824
0.43982527
0.80236304
0.81160927
0.41875312
0.3382753
-0.10345839
0.77072036
-0.79361665
0.36123613
0.82878405
0.4700206
0.62430173
0.61204135
-0.587939
-0.3259288
-0.59232277
-0.23407431
-0.61345935
-0.73726743
0.65052885
-0.10705656
-0.5019447
0.10570257
0.7206904
-0.18731922
0.5018439
0.72593623
-0.19750859
0.53922766
-0.11829274
0.9069759
0.23608558
-1.0394025
-0.37811133
-1.105074
-0.383422
0.039146427
0.029769735
-0.36427683
1.4099262
0.68249005
-0.5883684
-0.91387755
-0.16982818
-0.8801071
-0.3076597
-0.5058898
0.22617711
0.23860078
0.78665
0.45197242
0.5265946
0.14180142
-0.8878203
0.6517777
-0.8492574
0.58007735
-0.28710228
-0.3020054
0.5257461
-0.6259715
0.21261714
-1.1527979
0.89492685
0.6232537
0.97218424
0.56093574
-0.17726415
-0.06665236
0.19864096
0.88768065
1.3010421
0.19979528
1.8005431
0.58469844
1.2331678
1.0838134
0.33199742
-0.46429557
-0.08038082
-0.7646567
-0.54004073
0.6251576
2.2056987
0.23722154
-0.16190585
2.048508
0.6184647
0.9317388
1.3779473
0.23827839
0.3775461
-0.2943561
0.8400596
0.81014353
0.7365916
-0.31897277
-0.20754394
0.39608675
1.3749864
2.005335
-0.08029166
-1.2094524
-0.39607024
-1.1052232
-1.0756973
-0.027456488
0.59415114
1.4820217
1.3878266
0.03747322
-0.8742773
-1.3796107
-1.0316291
-0.86901206
-0.26420265
-0.6163048
1.4011114
-0.57962775
-1.5224506
0.4649901
-0.119015016
2.2109435
0.9823947
1.0599374
0.32305133
0.0352447
-1.3261921
-1.6193981
-0.41886294
0.53656375
-0.25448933
-1.2837718
-0.30530804
0.96223706
2.5381448
0.9509707
0.78183365
-0.8232238
-1.2231473
-1.9133058
-1.0156391
-1.6352042
0.69269234
-0.48564386
-0.01533127
-0.5008937
0.33485046
-0.48723987
-0.17102724
0.8748877
-1.6434178
-1.2032933
-1.0152565
-1.3405566
-1.3761721
-0.12023544
0.019153083
0.36973998
-0.98549
0.4084927
-0.9781645
-0.3030985
-0.7238536
-1.5654727
-0.44080907
-0.41646075
-0.052239753
-1.3659475
0.040187348
-0.93639153
0.12705697
0.39024767
-0.3772658
-0.8237929
-1.1234875
1.4019856
0.5167862
-0.12098613
-0.6370484
-1.1042805
-0.34730405
-0.661885
0.6099016
1.5960265
1.4265542
-0.24296325
-0.3625552
-0.8321573
-0.9093745
0.014687424
-0.30338094
-0.26747882
1.3067607
1.9869896
1.3392869
0.23114613
-1.1353942
0.20773672
0.6006037
-0.044044558
-0.71134365
-0.107707724
-0.08598459
0.1232726
0.7254336
0.82071674
1.113291
-0.3197711
0.014392567
0.87478423
-0.28463733
0.2903821
-0.6126941
0.19685258
-0.095732436
-0.5273912
1.2063686
1.0666745
0.0103291
2.5062797
-0.79492176
0.74262166
0.026953155
0.9417442
-0.031746432
-0.50152576
0.4928271
0.2624853
1.4325696
1.8927091
-0.06332757
0.40786296
0.6185256
1.0619136
1.0375696
0.5912077
0.15017179
-0.19326703
0.93717307
0.43238127
1.5884111
0.5868974
0.64774525
1.0345231
-0.1598114
-0.085385546
-0.11627868
-0.42266366
0.51571405
-0.050699748
-0.3252836
-0.8850421
0.7559153
1.3246124
0.27330762
-0.6616981
0.5192921
-0.041583996
-0.8910379
-0.40903026
-0.35550052
0.034210734
0.73496073
-0.15126854
0.78645974
1.0316602
-1.0251286
-0.7145743
-0.9771055
0.7409361
-0.8648531
-0.10871504
0.059173178
-1.2258353
0.56540245
0.33421323
0.12710409
0.83395416
1.2471753
-0.24048372
-0.07468879
0.066705175
-0.5012951
-0.8523834
-0.042992637
0.13589542
1.0709145
-0.19620815
0.096403405
-0.15151992
0.32349792
0.30050513
-0.7132254
0.0938141
-0.3220008
-0.27744594
0.9035386
0.18883818
0.29522398
-0.6705137
0.16703728
0.7778259
0.109464206
-0.05101512
0.19939965
0.6696226
0.40045637
-0.6978264
-0.38390484
-0.56369257
-0.15171885
-0.34748107
-0.41752762
-0.15313585
-0.33969915
0.06725867
-0.7436416
1.2860036
-0.016127672
0.5106538
-0.79621124
-0.11064143
-0.06738047
-0.34941995
-1.224549
0.06511822
-0.19305788
0.47691727
0.18496607
-0.41347945
0.014543615
-0.70835054
0.33227414
0.23412363
0.31918433
0.10810696
1.0734731
1.737285
0.8269835
-0.13417651
-0.005370421
0.31021875
0.4433962
-0.1797415
1.0796202
0.5249375
0.36054486
0.6557301
-0.64907354
0.069120094
0.21115515
1.3375285
0.55802906
0.15277566
-0.722677
-0.52075356
-0.008592787
0.64225197
0.6460145
0.6224454
0.96643573
1.2212927
0.7032154
0.09364917
1.4352735
-0.019856593
-1.0282803
-0.26991287
-0.22485326
-0.3448214
0.015100088
-0.9245915
-0.92670923
-0.81685907
-0.3282551
0.38137293
0.2785028
0.786819
-0.02448841
-0.6968743
0.9240647
0.21310742
0.23465262
-0.8423186
0.6038916
0.18296416
2.752907
1.5435773
0.94571096
-1.6381587
-0.38073045
0.4745076
0.29448658
-0.46481758
-1.4428039
-0.36040878
-0.8427827
-1.3981351
-1.5386496
-1.2510165
-0.62509733
-0.3393606
-0.3467923
-0.121113665
1.1287522
-0.35963655
-0.97684175
-0.17632659
-0.027030837
1.6929938
0.56517535
-0.8040565
-0.109923504
-1.099403
0.1416512
-1.745183
-1.7672864
-0.6054759
-0.19254646
3.8186312E-4
-0.38425994
0.9282026
1.3366269
0.8366601
0.27726638
0.19093204
-0.5720519
0.39879546
-1.3044814
-1.1888186
0.28498346
0.65515417
-0.27532145
0.09068164
-0.21306917
-0.02002557
0.8846693
0.61857915
0.685692
-0.8918512
0.6253424
-0.12520508
0.7481481
1.2056304
1.683006
2.6756914
0.35998267
-0.3551988
0.21702807
0.0071926587
0.2055135
1.5865419
-1.539378
-0.6671922
0.86164117
0.21221332
0.9654914
0.01471369
-0.16940865
-1.24661
-0.41107258
0.44733292
0.58794177
-0.1933625
-0.056890305
-0.15121953
-0.33905444
-0.092950255
-0.070277125
-0.044515528
0.057980105
-0.67132753
-0.43468747
-0.357043
0.42400387
0.37475348
1.0960824
-0.44596812
1.1465898
1.278173
0.72122896
0.31949857
0.4985848
-0.7096318
0.671634
-0.6476653
1.157743
0.084466204
0.49155185
0.5952394
0.13693707
0.14939539
0.10234704
0.6690388
0.9841985
0.65658927
0.7573131
0.9564296
-0.07299305
0.42684096
0.4762304
-0.42549405
-0.53429776
-0.33298218
0.22993119
0.5780624
0.24350336
0.48621067
-0.28212184
0.0036437658
0.19765048
-0.43932447
-1.5496005
0.44563317
0.35356215
-0.84993994
0.5125231
-0.78956443
0.0059194393
-0.18630415
-0.3680473
0.011043645
-0.43610033
-0.66372055
-1.1237941
-0.48384544
0.5482648
0.3546523
-0.279387
1.092692
0.06510485
-0.3296975
-0.08989664
1.2435988
-1.0476096
-1.1037681
0.50643855
0.38794944
0.013122211
0.26186118
0.2556536
-0.09064356
0.71786773
-0.21539788
-0.46946746
-0.41442484
0.17569146
0.8485145
0.6687173
0.4498531
0.3977427
0.9991238
-0.33374763
0.529752
0.7799974
0.28160086
0.39332142
0.8710088
-0.63943064
0.5615385
-0.0034348266
-0.70794505
0.2708062
0.7547479
-0.4506016
0.35236004
-0.02377755
-0.36445302
0.3105602
-0.11849189
-0.44008914
-0.67581326
0.8845398
-0.33327562
-0.24475673
-0.293517
-0.25558126
0.5976793
0.5914813
1.1087872
0.26121947
-0.18785638
0.38187608
-0.26555696
-0.19185486
0.35859796
0.7943065
0.58476484
0.4285838
-0.14645009
-0.19099176
1.6039069
-0.0778638
0.5745456
0.31856143
0.0644189
-0.547432
-0.28742993
-0.09605019
-0.6536273
-0.043687984
-0.61095595
-0.12598066
-0.5421076
-0.56477547
-0.9694889
-0.3077642
0.5076553
0.33876634
0.17135827
0.6125118
0.08453378
-1.3054823
0.021870648
1.5722905
1.2841818
1.4561269
1.5807976
-0.19515908
0.011095472
0.24130073
0.12415821
1.635729
0.9922099
0.39639828
0.42983437
0.52352834
0.815348
0.023881437
0.8938512
-0.003987655
0.87275624
0.977623
0.23757084
0.7795322
-0.01325434
-0.83151233
0.113955505
-0.74604493
-1.255145
0.975836
0.46777147
0.12473392
0.1327468
0.73387945
1.2996459
1.0298145
0.30217835
-0.08128722
0.09982653
0.49415264
0.29063022
0.068561524
0.31077576
1.071807
0.12791817
1.008006
-0.8916502
0.013477564
-1.223392
-0.40187407
-0.91204196
1.2344916
-0.40457684
-0.88340765
1.5309676
1.0108275
0.23990148
0.06290231
0.6777003
0.81056285
-0.45195657
-0.8064687
0.99039686
-0.9946606
0.021122023
-0.58856976
1.0105865
0.21750233
-0.29315087
0.3306852
0.38037324
0.8528832
1.0392199
1.4574792
0.94456565
-0.031781565
0.26159388
0.06910267
0.23658347
-0.43964046
0.48641866
0.45109323
0.22486788
-1.2294225
1.0912523
-0.87338847
-0.013716546
-0.2898643
-0.47427765
0.26333168
0.98540664
-0.21151638
0.46687597
0.8302742
0.5182704
1.0962844
-0.4847674
0.56856376
0.693231
0.44064236
0.4456369
0.9084454
0.7892118
0.14725515
-0.37076712
-0.23984908
0.39644176
-0.5267797
0.6388036
0.41471502
1.3421229
0.4173627
-0.49606007
0.3241172
-1.1536152
0.055310406
0.6056122
-0.38587582
0.41223162
-0.11758367
-0.62237626
-0.9425784
-0.30855793
-0.017559398
0.052490536
-0.7386774
-0.11581857
-0.43097535
-0.2753127
-0.45632663
0.3030959
0.8796352
0.20948127
0.6137818
0.37497166
0.19824551
0.13865691
0.960094
0.10647698
0.15614055
0.63771087
1.387313
-0.60462034
-0.06967577
-0.18741894
-0.79026157
0.49175137
0.41638035
0.96196705
0.46227825
-0.16902618
0.61798835
-0.42902812
-0.48180085
-0.5189451
0.6124542
0.7363381
-0.27751005
-0.33548748
0.13800709
0.31942347
0.392949
-0.06445268
-0.40360227
-0.35800916
0.5772963
-0.68648493
0.94937056
0.3667766
0.18604703
0.7327394
0.41813365
-0.24480516
0.8464731
-24.698778
