1.0502777
-0.23141526
-0.011575156
0.20491838
-0.1720733
1.3852028
0.5471604
-0.9955022
-0.09010974
0.5403827
0.043065596
-0.11770767
0.03029876
0.109012105
0.3028587
-0.5469769
-0.5650281
-1.8037028
0.19063519
0.17514199
1.3801781
0.6643395
0.40833792
-0.29028046
-0.31546164
-0.29875246
-0.61920005
-0.12115464
1.123594
1.2422817
0.71668285
1.0309949
-0.6508775
-1.416688
-2.4678447
-0.3750181
0.5744977
-0.1258519
-0.82709885
-0.07427238
-0.2798849
0.5368281
-0.8031771
0.5450008
0.5211518
0.20580071
0.93227166
0.28077447
-0.16849041
0.43940637
0.18736316
-0.341064
-0.19155054
0.6784773
-1.2533998
-1.1190808
-1.3634803
0.5867504
0.23878734
-0.46679467
-1.3958441
-0.3120301
-0.19500197
-0.0023786146
0.5360627
0.7614617
0.7681021
-0.41664484
0.3042716
-1.7026002
-0.85896695
-0.69293785
-1.2335852
0.0016862531
-1.3597991
0.48501623
-0.07296605
-0.7683269
0.2806999
0.7395869
-0.16826926
0.43008435
-0.3094239
-0.8957081
0.287635
-0.12972096
-0.11395198
0.6047095
0.09605626
0.4454898
4.630954E-4
-0.6336885
0.3137205
-0.22197649
0.7183878
-0.047853887
0.2708137
0.5684363
1.0115452
0.40538207
-0.8409382
-0.80347127
-0.7945857
0.21248071
-0.20110616
0.5187227
-0.14719148
-0.60352385
0.5251965
-0.18229045
0.29811585
0.10404536
-0.018683663
-0.33973056
0.16728269
-0.5689909
0.19806175
0.01132301
-0.2687174
-0.08427437
-0.15277146
-0.4789508
0.762916
0.13031507
-0.5159318
-0.1834674
-0.40716746
-0.5053529
-0.45022324
0.52253354
1.047968
0.8309118
-0.24946581
-0.43512887
-0.095376335
-0.15206136
-0.6662037
-0.37859398
0.7502858
1.4771112
-0.07484276
0.22340642
-0.24887444
-0.26713073
0.65900964
-0.0516802
0.66671383
-0.28028804
0.27976885
-0.4133611
-0.7260776
-0.098704465
1.1333135
-0.23549806
0.5411976
0.44911882
-1.1529605
0.44518876
0.14617045
-0.53355086
-0.6196963
-1.3686283
-0.5879589
0.8913661
-0.26202735
0.108244844
-0.023048135
-0.69548124
-1.2900529
-0.55625737
-0.51586026
0.9132319
0.025287613
-0.32024044
0.97353107
-0.46305126
-0.7109715
-0.38124326
0.7121934
0.5869871
0.5645508
0.059821483
-0.5298101
0.5966713
-0.0073377457
-0.0037372343
-0.34868026
1.3414931
0.39553645
-0.51917225
0.7944511
-0.40620428
0.36478138
-0.4501977
-1.1586745
-0.33869734
-0.134099
0.2200601
-0.64019024
-0.6438678
-1.1203278
0.4360829
-0.39541605
0.957018
0.7834715
0.24322355
-1.0882525
0.17641737
-0.5456199
-0.86784965
-0.11241867
0.7070752
-0.22030705
-0.68429565
-0.21944384
-0.7024984
-0.9378657
-0.80185354
-0.79336685
0.28551573
0.32108104
0.81300527
-0.47591454
0.0262764
0.8560754
-0.024502281
-1.2233381
0.77663434
1.0145625
-0.047143724
-0.043166853
0.08256272
-0.38961342
1.0010574
-1.1898454
-2.255135
-1.1705209
-0.8848549
0.37769645
0.71649855
1.47193
0.6488336
0.047332894
-0.67878246
0.25739494
-0.8324547
-0.7926607
0.4798445
1.2711539
0.99217796
-0.63695025
0.21433133
0.044004608
-0.7801182
-0.517724
-0.67268914
0.12553747
-0.67568755
-0.08654844
1.0623797
-0.52190644
0.5709372
0.20348823
-0.35360092
-1.2505015
-0.9556475
-0.5337877
-0.06573825
0.4054361
1.1088223
-0.8447462
0.21972126
1.309533
0.3805331
0.63839465
-0.7291509
0.75621474
0.25498828
-0.023664275
0.5247313
-0.62544674
-0.6865334
-0.24721892
-0.6411655
0.3659266
-0.44901356
-1.1622504
-0.7807263
0.25314158
0.6923392
0.80553085
0.03874238
0.0051209256
-0.29156512
0.9641926
0.9454834
-0.7742068
0.7395551
0.6361461
0.3775096
-0.53641444
-0.38931713
0.44238406
-0.08425643
-0.62619174
0.03286003
1.4096462
0.9206893
0.6520864
0.18268374
-1.0870624
-0.77177775
0.19515961
0.8116082
-0.2832431
0.22002178
0.042697873
-1.0805647
0.4471701
-0.4030624
-0.6214394
-0.15536481
-0.38330272
-0.6362277
-0.25642923
0.3248679
-0.86540383
-0.05467334
-0.64073825
-0.48531514
-0.85967016
-0.26187503
-0.6015501
-0.47461414
0.30461475
0.41093808
-0.4259928
-1.3988894
-0.4681542
-1.2642887
-0.18430322
1.1354771
0.16873723
-0.6450704
0.043385923
1.1400231
-0.28340876
-0.035996832
0.291699
1.9300996
0.20405848
-0.5598849
-0.87746084
-0.15392116
-0.30667546
-1.3298559
0.61287796
0.69565463
0.085617356
-0.5121045
-0.48934388
-0.49947146
-0.90143096
0.046915956
-0.3983057
-1.3702219
-0.6328146
0.014561106
-0.86690056
-0.45355406
-0.83265334
-1.2316005
-0.20609882
-0.41785228
0.28578126
-0.6049269
-1.594456
-0.8129026
-1.4218868
-1.8900797
-1.7900103
-0.7535346
0.58922064
1.0038457
-0.3482094
-0.7315499
-0.5425164
-1.2052948
-0.9647022
0.9102759
0.655196
0.37583756
-0.3170656
-0.72555715
-1.3985296
-2.0035279
0.59940714
0.0536538
0.22788198
-1.801813
-1.6306064
-0.15283042
-0.043813523
0.74638265
0.7592026
0.05221916
-0.25472614
-0.46692306
-0.30919805
0.0036480858
-0.1277544
0.16399264
-0.6754134
0.37535685
0.091128215
1.0146136
0.07585546
0.93483365
-0.91044086
-1.3029413
-1.5725633
-0.04960022
-0.8949775
-0.14807373
1.6213788
0.28735778
0.40942398
0.91301185
0.6192293
0.13308059
-1.3308167
0.13916542
-0.44653314
-0.42023012
-0.38326502
-1.0143476
0.09110536
-0.032078765
0.013675659
0.63281167
0.6762249
-0.13126355
0.6386586
-0.11715734
-0.597897
-0.31875604
0.96623504
-0.025389576
0.33093852
0.29888913
-0.6651207
0.70555305
-1.0947677
-1.4009268
-0.67792827
0.024836335
-0.039610527
0.1279872
-0.08488418
0.37724194
0.19572899
-0.5538553
-0.29706195
-0.39387107
0.051305372
0.8682021
0.6799584
1.0790958
0.9274028
0.78126794
0.0928864
-0.23982519
-0.5573828
-1.2064375
-0.6106568
0.20768234
-0.20255987
-0.32322544
0.28698915
0.9269501
-0.327099
0.0280467
-1.2097304
-0.025343236
0.0891966
0.010065174
-0.96130335
-0.7684065
-0.52496594
0.37603956
0.15779756
0.053937763
-1.0560765
0.2233536
0.35525915
-0.92209184
0.8697064
0.7299817
-0.42584017
0.04702641
0.009809902
1.279252
0.6552155
0.2977574
1.465341
-0.01634688
0.41004527
-0.5932367
0.34093598
-0.31729096
0.86578745
0.3528245
-0.40985844
-0.5578696
-0.51671785
-0.3590175
-0.13232228
1.0450909
0.08825285
1.423878
1.6989437
1.0020977
-0.18427059
0.61687046
1.1429777
-1.2276002
0.26981515
0.29242
0.6894811
1.4069034
0.059578598
0.6920777
-0.44521496
0.8922561
-0.9588211
-0.29901975
0.79375285
-0.19504203
0.7392021
-0.52770215
-0.47065726
0.99218017
0.7567228
0.9277236
-0.043368727
-0.04657541
-1.1320549
0.14007649
-0.94838893
1.9240676
0.3198549
-0.45768267
-0.90663016
-0.9327181
-0.53450584
-0.88978964
0.17451495
-0.6133343
0.9524325
1.5499101
0.6093136
0.20041452
0.41204926
-0.35193795
0.534572
-0.92193705
0.94087934
-0.21897648
-0.008824327
0.9695151
0.6046243
-0.6091174
-0.6811012
-0.15554316
-0.026488336
-0.3441765
-0.8656416
1.2003268
1.3021532
-0.5176819
-0.76354754
-0.86596936
-1.5484419
-0.5387216
-0.42434183
0.21224183
-0.3059935
-0.3841814
-1.0713048
0.09843967
-1.4730514
-0.22247241
1.377681
0.7518854
0.42958915
0.6442026
-0.46918067
-0.58481735
-0.5737749
0.044413302
0.51246357
-0.2584343
1.1592526
-0.35356334
-1.5274942
0.403157
0.53545034
-0.12846607
0.9439578
1.6745347
-0.35884264
-0.6356966
0.041528475
0.42479458
0.108230926
0.0032782455
-0.83446926
-1.1198823
-1.1378754
-0.9016385
-1.8705211
-1.0424495
-1.3270115
-1.8640102
-0.9852347
-1.4081748
-0.029099828
0.0055718566
-1.0585233
0.14293833
-0.9638637
0.56042594
0.03551971
-0.3349326
-0.2573014
-0.9829358
-0.80296093
0.404041
-1.5467598
-0.90921074
-0.9474364
-0.75618315
-1.740561
0.01033122
0.15594469
0.035088874
-0.47003105
-0.55091727
0.027953956
1.3019228
-0.23661304
-1.440259
0.4252953
-0.55594033
0.042958554
-0.1420094
1.0726479
-1.414872
-1.2970774
-1.6378016
0.047178067
-1.0568942
0.036265016
0.81729877
1.4804708
-0.012345881
-0.1274807
0.4700371
1.334982
-0.11275769
-0.31658587
0.13956265
0.51335716
-1.5587685
-1.6000721
0.622624
-0.28249985
0.3565728
0.08644446
-1.1885276
-0.31610662
0.5938664
0.67754537
-0.49592462
0.6140118
0.40489617
-0.06354041
-0.90908176
-1.5362949
-0.5198818
-0.98463327
0.69806397
1.5007329
-1.1921467
0.04121062
-0.30544612
-0.5562749
-0.52811456
0.70088786
1.1846031
-0.117492564
-0.39163995
-0.16934274
0.008476787
-0.091772795
-0.39959255
0.17486943
-0.03271706
1.2030705
-0.3841791
0.867899
0.7796654
0.69344544
-0.19583309
0.27058977
0.90020883
0.071611516
0.32077375
1.619494
1.0439594
0.83066595
1.8384614
1.2976016
0.07489051
0.22634076
-0.16117485
-0.48813084
-0.23336537
-0.15811437
0.4293125
-0.08820468
0.82671994
-0.42804626
0.7761776
-0.10718436
0.3632978
-0.47129485
0.36958715
-0.7373759
0.62961197
0.15100768
-0.7827292
-0.42217353
-0.6888642
0.7641992
0.24992585
-0.37257516
0.21770404
1.1761887
0.52444696
0.7315158
0.40423414
-0.3053406
0.25909987
0.30388874
-0.45982864
-0.73390007
0.010447669
0.2396444
-0.36668196
0.987363
0.7676503
-0.044783223
-0.7239259
0.461309
-0.55658853
-0.576814
-0.99607277
-0.7437885
1.2610044
0.31570506
1.8859346
0.56604314
0.32550853
-0.015595756
-0.055732388
0.1782468
-1.1025653
0.79882145
-0.90345377
0.49221447
-0.18021783
1.1901923
0.33099434
-0.5677462
0.6911859
-0.047352962
0.16638258
-0.53114206
1.2059116
0.17343837
0.19107865
-1.3919547
-0.54480153
-0.8580614
0.14240912
-0.97996515
-0.41835204
-1.1286157
0.7761002
-0.23460536
-0.26167157
-0.0050547514
0.7661766
0.19929485
0.68392736
0.76222736
-1.1567655
-0.50080574
0.06475536
1.0031171
-0.39485073
-0.6438731
-0.16932496
0.18880908
0.61995494
0.25617805
0.7645344
0.8024306
1.5193814
-0.17176485
0.5651649
-0.69271094
-1.6375208
0.24735798
0.1987097
0.5001721
-0.007899273
-0.99216926
0.31126454
1.4247937
1.2558675
0.16934267
-0.4245777
-0.8298387
0.15843321
0.30564007
-0.29045814
-0.69109434
0.05271108
-1.1304643
-0.15075286
-1.6990049
-0.26669723
-0.6494605
-0.19348578
-0.7066754
0.350235
-0.4615715
0.6773369
-0.22261803
-0.552338
0.55030274
-0.35588375
-0.93723005
-0.0067845196
2.067777
1.3231854
1.923246
-0.34630796
-0.25469708
-0.6141222
-0.29641646
-0.85435885
1.5419464
1.3039024
1.0247598
0.6537429
0.37996528
-0.41575286
-0.8499848
0.44098428
1.5545802
1.2749321
0.54687357
-0.80728495
0.13981044
0.072399884
-0.32463652
1.4489822
2.016713
1.1953906
-0.33970335
-0.36526367
0.077007085
0.44854158
0.97045416
-0.58977485
1.2254206
0.60024047
-0.5188461
-0.15991874
1.1512676
0.6276339
0.3974037
0.6666727
1.7997133
-0.76915705
-0.28109676
-0.7064845
-1.018914
-0.15457803
-0.1046034
-0.24875511
0.103573985
-0.26373067
-0.30779415
-0.3375577
0.86733085
0.4043648
-0.60942465
-1.1226137
-0.5781033
0.42699808
1.5586486
0.8602922
0.74278677
-1.0993788
-1.5627168
-0.65870255
-1.2183524
-0.65116316
0.62609816
1.2092696
2.3512785
1.8255479
-0.032712936
-0.85354155
0.4761241
-0.17794502
0.094686635
-0.8065185
-0.28130746
0.3312349
-0.4822446
-0.72718984
0.25676736
0.52197367
-0.9445419
0.6432552
0.3899036
0.43432796
0.003667081
-0.02055785
-0.1472027
-0.3884583
-0.5186042
-0.5049807
-0.4832212
-0.7548882
-0.1962505
-0.26778618
-0.6477661
-0.59841985
-0.33374578
0.55010945
0.602977
-0.0081909755
-1.1743363
-0.30979082
0.33298868
0.19271134
1.2214724
0.76113427
0.08823975
0.43788463
-0.9873184
0.17700367
0.1413819
-0.9398488
0.03777921
0.5955331
0.8642441
0.39736894
1.6668165
1.399569
0.7698836
-0.48548812
-1.1598502
-1.2335181
-0.2360108
0.2548816
-0.5600653
0.14230317
0.33278176
0.84968215
-1.1997968
1.050393
0.2856486
-0.4248934
0.014397802
0.3235403
-0.12687287
0.41359884
-0.124105655
-0.3376761
0.24895747
0.2910332
0.6588168
0.52049583
0.108903006
-0.083328314
0.2892473
0.28214893
-0.14626275
0.24429181
-0.3132141
0.46153665
0.038815983
-0.023985542
0.64017993
0.59779036
1.0032969
0.76527065
-1.0857332
0.44272256
-0.8249008
-0.5672762
0.3382832
0.27429047
0.19039007
0.234012
-0.5254786
-0.57598776
0.04661849
-0.44301486
-0.7900128
-0.67149156
-0.001016301
0.10918432
0.9255056
0.37994578
-0.24291967
-0.24742101
-0.111140735
0.68554425
-0.7802677
-0.024702568
-0.1939733
0.57421374
0.5928894
-1.2738773
0.13964134
-0.19094495
-0.54749113
0.83913994
0.86599916
-0.5654039
0.036173817
-0.69528013
-0.24536982
-0.67395747
-0.86007214
-0.19992444
0.26089793
0.515863
1.0174181
-0.3369591
-0.20360324
-1.7976346
0.09432991
-0.13581604
0.46701527
0.21317212
-0.5694763
-0.62060326
-0.8897373
-0.6096863
-0.2915757
0.036879815
0.71332383
-0.71621674
-0.6931988
-1.3949163
-1.4289333
-0.6722649
0.14985432
-0.5593771
0.00951102
-0.09137729
-0.9512544
-0.34356442
-0.20491113
0.9297634
-0.9009786
-0.3328034
-1.0665305
0.5928418
-0.5193972
0.3548408
1.0179685
0.86883235
-0.28302008
-0.8763161
-0.81578696
-2.2309606
-0.5198487
-1.5581155
0.31465292
0.77925384
-0.339053
-0.11783326
0.6058071
-0.39544392
-1.4800199
-0.20705391
-0.72294325
0.36993513
0.299148
-1.070283
0.31104332
0.41879722
0.11640197
-1.3880744
-0.5880541
0.61022216
-0.19685943
-1.1805443
0.23549908
0.55625725
1.0358584
0.0836668
0.57030755
0.079672076
0.3738564
0.16293307
0.854095
0.57412016
0.117589146
0.54746836
-0.69619054
0.6323239
-0.9061963
0.14385061
0.4256166
0.29370382
1.139973
1.2630358
0.808046
0.7729347
0.14068358
-0.1544539
0.65610814
0.35245445
0.05179614
-0.52152
0.97575516
0.5339081
0.5922123
1.1240864
2.0213723
-0.011491711
-1.1448164
-1.2922807
-1.102828
-1.5209258
-1.0162914
0.39965412
0.30349958
0.8552143
0.5520175
-0.48280892
0.42149746
-0.88894045
-1.5432813
-0.1175663
1.095579
-1.178574
-0.30779925
-0.5281836
0.12622927
-1.2679002
-0.95022684
-0.15371707
0.50635105
0.34207225
-0.19699752
-0.45948696
0.09505551
-0.973714
-0.9060053
-1.4780437
0.42596966
1.0676051
0.3783151
-0.54789156
0.7881982
0.4539083
0.073206
-0.69628406
-1.6555679
0.41584507
-0.98423946
1.3465036
0.8787967
0.6826971
-0.37007907
-0.79273856
-0.97075355
0.5437648
0.37810433
0.3009326
-0.74855286
0.64655644
0.26148188
-0.745629
0.03114318
-0.16180544
-0.96637565
-0.030577935
-0.86356443
-1.5693171
-1.4413933
-0.13071287
-0.61314994
0.15484503
0.5807193
-0.7827532
0.17583051
-1.3454067
-0.28524736
-0.3468708
-0.5239738
0.15118508
-0.32779512
0.7311468
-0.17997503
-1.0153372
0.36628097
0.38097516
1.3126289
-0.47973916
-0.40233976
-0.15069328
0.09331574
-0.33939898
-0.46314806
1.5440457
-0.29869446
0.54838896
0.22989973
-0.34644842
1.2204093
-1.0265623
-0.39809546
-0.6692142
0.80031854
-0.3207957
-0.6569482
-0.48206514
-0.5842235
-0.5766164
0.10739354
0.2635371
0.23321457
0.7222475
0.28977233
-0.19205607
-0.38631067
-0.7588175
0.7932661
0.17977059
0.5839437
-1.0338036
-0.7200842
-0.20022345
0.6150845
-0.16258784
-0.06507132
-0.8924303
0.6469832
0.93683827
-0.48787525
-0.44359502
0.24340165
-1.196576
-0.56677294
-0.20693725
-0.25853848
0.3016913
-0.1362631
0.8318141
0.35937217
-1.0775323
0.6939128
0.7787036
0.34920302
1.4347926
0.1695516
-0.41390017
-0.0068726973
-0.26399595
-0.0506482
0.2305341
-1.0310134
0.60393673
-0.391092
-0.039994504
-1.08922
0.6290973
-0.5786963
-0.40136722
1.1508708
-0.30523086
-0.4200475
0.7878084
0.15458316
-0.096102886
0.36212274
-0.08157865
-0.3552927
-0.7274542
0.16237076
1.3410628
-0.8948416
0.9148311
-0.30207488
-1.2051758
-0.67817456
-1.1258161
0.35220772
0.71846443
-1.085298
0.48065946
0.08863569
-0.122135915
-0.36672473
-0.19040385
-1.1013821
-0.3713002
-0.5254176
0.0647982
-0.6688488
0.054299217
-0.058561698
-0.7758077
-1.3849279
-0.67997974
0.028308474
-1.0668455
0.24251024
0.06612522
-0.02570867
-1.5686523
-1.1244657
-0.33087456
-0.3871715
-1.6350975
0.17408697
-1.0037982
1.9818094
0.122398354
-0.049156293
0.52587205
-0.871357
-0.35557988
-0.5157427
0.29007635
0.97108275
0.14911875
-0.5955809
-1.1192788
0.082658134
-1.0217267
-1.1079425
-2.4276907
-0.5228529
0.45287046
-0.09193157
-0.48507392
-1.4536767
-0.87899727
-0.74199986
-0.222247
-0.092525
-0.8562518
0.54900527
0.56312776
0.048091143
-0.8061187
0.6626856
-0.007745706
0.20614508
-2.178347
-0.8720205
0.02608224
1.3004637
-0.071677856
-0.22522797
0.5302565
0.33957973
0.63670117
6.279992E-4
0.336227
1.006009
0.648101
0.24015155
-0.17867422
-0.22650819
1.3849791
0.1176119
-0.5978914
0.9275287
0.90195966
-0.22148031
-0.20730232
-0.79253066
-1.0510924
-0.89477456
-1.2263099
-1.740861
-0.45738196
0.690194
0.9015185
0.01380516
-0.7034243
-0.6493419
-1.3831967
-0.86095625
0.3031078
-0.99306154
-0.33250386
0.90021396
-1.1986418
-1.3664457
-0.7101605
-0.58785933
-0.9428904
-0.4285666
-0.22342089
0.34014654
1.3310797
0.5543364
-1.2365022
-1.0059117
-0.48278818
0.5855829
0.8497177
0.66145843
1.2337478
0.816667
-0.050105922
0.26702368
-0.9332894
-0.40583587
0.10439519
-0.22431883
0.4822398
0.11814782
-0.42930007
-0.047868263
0.5996999
-0.074980184
-0.78115195
-0.82617545
0.23345569
0.36066517
-0.29989302
-0.44307423
-0.83495593
0.25518757
-0.18288645
-0.7280465
-0.9509908
-0.9137719
-0.04720475
0.41678256
-0.5457917
-0.47809613
0.35324848
0.14619683
-1.0895274
-0.81057274
-0.11332054
0.5934781
-0.78269786
-1.0248137
-0.2725577
-1.0066092
0.2896336
-0.35944182
0.8063725
-0.0810577
0.6065184
0.35032353
0.34848124
-0.3346949
-0.15813887
0.12008482
-0.58359003
-0.95804954
0.5548718
-0.017350467
0.7714323
0.22239487
-0.13594484
0.3444538
-0.9613769
0.8515984
-0.39680123
-0.5194854
0.6263977
1.1762909
0.6256016
0.7124061
0.055914693
-0.8458164
-0.19071479
0.3753345
-0.11412419
-0.5205041
-0.58462965
-0.7059117
0.2478246
0.071526945
-0.7285775
-0.41528246
0.06549137
-1.4363205
-0.29517016
-0.09770957
-0.9199777
-0.18978707
-0.722705
-0.56341195
1.1596164
-4.505342E-4
-0.92096394
-1.1238053
1.0710926
0.39865705
-0.19281699
-1.2790836
-0.12542573
-0.41279975
-0.20511362
-0.98206824
0.21199106
-1.0501075
-0.005312103
0.7829888
-0.63703847
0.7388252
-0.083884105
0.39883566
-0.37436822
0.68862134
0.049254168
-0.5604094
-0.52189904
-0.20199163
0.79671514
0.124487944
-0.20908555
1.0948087
0.9246457
-0.89267284
-1.0645269
-0.97983533
-0.7116782
0.9752505
0.18406492
0.7621726
0.9774547
0.22999784
-0.56586915
-0.7483246
-0.65283835
0.55962527
0.07076346
-0.94824183
-0.7108264
-0.2325853
-0.60874116
-0.18486755
0.4820484
0.08846436
-0.06205699
0.77117825
0.5858049
-0.26288456
0.07417888
0.5740142
0.13468431
0.35303
-0.35206246
-0.47264326
0.04688412
0.2482272
-0.020088393
0.05775442
0.3895852
-0.3067937
-0.20011477
-0.1855888
-1.7750282
-1.3366494
-0.15400398
0.8274661
1.3869215
1.437633
0.54567045
-0.3674443
0.22306558
-0.54523134
-1.1309495
-0.7038129
0.82033896
-0.7182537
0.93760794
-0.6043481
0.3719235
-0.03597501
0.38254467
-1.1737678
1.3406672
0.0020540005
-0.3560371
1.2819879
-1.1240536
-0.34737602
-0.118909866
0.9005888
-1.0069696
-0.50937206
-1.4804513
-0.48499024
-1.3358188
-0.20308807
0.681463
-0.93204075
-0.7338739
-0.8251052
-1.2589612
-0.93767625
0.8655873
-0.43979514
0.023287682
0.33866245
1.5506369
0.66173667
0.28439644
0.55832165
0.9749504
0.17752106
0.46710047
-0.26509097
-0.03719051
0.57144195
-0.25301194
0.3606364
1.7323035
-0.322637
0.6733859
1.3315386
0.5455252
-0.364845
1.7324895
0.8838974
0.5844156
-0.7161807
-0.18826942
-1.8762035
-1.0541755
-0.45816574
0.58265215
0.1801255
0.73693657
-0.078906596
0.4093602
1.0499991
-0.16954987
-1.562511
0.47515443
-1.158422
0.98891735
0.030979842
0.47512123
0.26544106
-0.80834275
0.32015416
0.24817036
-0.1275602
-0.49761212
0.17616186
-0.5104496
-0.06984827
-0.5429423
-0.6909484
-0.58607453
0.07918044
-0.54684657
-1.0733483
0.4761272
0.5542955
0.43747032
0.24261886
0.6619327
-0.99128455
-0.12737496
-0.4206628
-0.7379012
1.2887905
0.6604479
0.26923093
-0.2768392
0.18506043
-0.14335483
-0.32455614
-1.1088495
-0.067747116
1.3012832
-0.10265371
0.6076945
0.36083993
0.36718383
0.09109445
0.048094306
0.6472143
-0.13544577
0.41059694
-0.70863485
-1.2254982
-0.7177885
0.74607307
0.64632225
0.24476561
-0.49736774
0.86241174
-1.3761746
-0.5625186
-0.7126249
0.90982527
-0.13504189
-0.80293113
-0.39431462
-0.3555837
-0.34548855
-0.3075941
-0.7837319
-0.24514782
0.08232449
-0.22411996
-0.07668016
1.1060394
-0.55001444
0.1112398
-0.27084085
0.13533261
0.91276985
-0.21607797
0.17371868
-0.69163054
0.0016696148
-0.26265186
-0.9797064
0.0868752
-0.7671127
-0.39332095
-0.5514175
-0.12437308
-1.1800193
-0.36237344
0.50208527
14.25465
