0.21843234
-0.93937784
0.11396411
0.6232294
0.6223868
-0.67018414
-0.8605171
0.41746232
-0.61035025
-0.06118107
0.7463662
-0.21237093
-0.827252
-0.8042189
0.37403333
0.07780955
-0.3978437
0.035408866
0.46259433
0.743843
0.17776477
-0.1488539
0.2109437
-0.7234577
0.861212
0.7166282
0.5331171
0.5944688
-0.87402415
-0.8231356
-0.8779944
0.44997025
-0.634991
-0.6911691
-0.8736558
0.88943535
-0.07055654
-0.13622954
-0.45575812
-0.619939
-0.15431729
0.005944902
-0.18552329
0.73047924
1.0852004
0.7596718
-0.5273367
0.2650083
-0.029550772
0.49746594
0.9095989
0.8060852
-0.46331578
-0.76186645
-0.23422313
-0.05685848
0.50439924
-0.71463126
-0.10536238
-0.6910374
-0.17442246
0.42839912
0.63680035
-0.19988734
0.4379063
0.20450899
-0.19111452
-0.43517733
0.3118238
1.0514628
-0.41292167
-1.0795914
0.42577243
0.6930105
-0.48243546
-0.93449086
0.73276305
-0.6721079
0.79028875
0.05131493
0.30055964
0.7438229
0.49795058
0.2667626
0.25359112
0.36573842
0.62165785
0.023273949
-0.15852775
0.56729525
-1.0071293
0.22465862
-0.26335713
-0.47999406
-0.57414204
-0.5737285
0.544608
0.95379645
0.7160622
0.7656365
0.7925549
-0.73084944
0.044391327
-0.056943197
-0.49729896
0.9065781
0.7708208
0.90698385
0.3666405
-0.27649415
0.4070139
0.37563777
0.16495974
-0.84592974
0.055816036
-0.034661602
-0.13559657
0.43347988
0.31742838
-0.10649635
-0.029772246
-0.63694394
-0.90689456
0.6774133
-0.5152023
-0.28219652
-1.0032676
0.28908488
0.043929536
0.5544957
-0.16403976
-0.4455061
-0.56418097
-0.73270506
0.0450537
-0.19713446
-0.7500245
0.7790842
0.9441917
-1.0480983
0.6501768
-1.1719506
0.20857821
-0.50420773
-0.9161801
-0.08265435
-0.8556572
0.9149212
-0.34194878
0.44112656
-0.2853979
0.54121304
-0.72214174
0.61491984
-0.6550743
0.06858933
0.22502416
0.20657942
-1.0226979
-8.604684E-4
0.04664015
0.47435072
0.12675764
-0.2719146
-0.23933236
0.6421045
0.7080367
-0.7310392
-0.97056234
-0.62613374
-0.7874181
0.5509482
0.7677341
0.7314707
0.8815777
0.3341056
-0.4082498
-0.58972675
-0.120025225
-0.29256848
0.7918837
-0.14636746
-0.42486686
0.020274151
0.9245963
0.24194251
0.45377806
-1.0239509
-0.03865494
0.3998657
0.8138743
-0.48873544
-0.7090754
-0.51856506
-0.7888682
-0.69817907
-0.4693282
0.9785404
0.6724643
0.42154643
-0.21454832
-0.4828162
0.22921188
-0.11843427
0.0781416
-1.1920494
0.4734317
0.71344304
0.0920562
-0.459568
-0.21964619
-0.47797027
-0.31125584
-1.0725267
-0.7609945
-0.77379405
-0.5955604
-0.5105621
0.5015709
-0.4357513
0.067080356
-0.120607115
-0.38542435
0.5652459
-0.3885318
0.6945548
-0.60124743
0.37394547
0.43610036
0.48421824
-0.12892719
0.41862726
0.03138466
-0.71785533
0.40168294
0.3215489
-0.6197306
0.15254307
0.8541311
0.33261517
0.036630224
-0.25678796
0.6720516
-0.2942935
0.84488654
-0.077808134
0.42613852
0.3012539
-0.37898508
0.41271856
-0.88033813
-0.5765438
0.19599581
-0.9149715
-0.4095911
-0.39417645
-0.5795583
-0.57934505
0.1925021
0.6543915
0.3284063
0.2492502
0.12756109
-0.81315416
-0.22793832
0.2808141
-0.2642583
0.982045
0.23158327
-0.33703354
-0.53233325
-0.108709335
0.35645026
0.54674965
0.034892384
-0.8973167
0.36129868
-0.32787386
0.33328938
0.5481705
-0.24118537
0.14864266
-0.6442337
0.85136443
0.39224112
-0.67975163
-0.88698375
-0.534709
-0.9107899
0.5933794
0.71302027
0.76792306
0.05065445
1.1113622
1.0724242
0.20866309
-0.5097405
0.11819061
-1.2385863
-0.8726699
0.24246821
0.86277604
-0.4498858
0.4759761
0.54676944
0.14166105
0.27219734
-0.7211269
-0.53209025
-0.47249883
-0.29589495
-0.70222104
-0.79793036
0.37284538
0.22475415
-0.33644274
-0.13402738
0.6609134
-0.25102457
0.39613155
-0.72187805
0.67105794
-0.5940825
0.48646516
0.11667121
-0.79954094
0.3200306
-0.87140936
-0.15588503
-0.63197595
0.45513678
-0.005651722
0.82982427
-0.48251337
-0.92601657
-0.6173372
-0.0138038695
0.8874764
-0.5319791
-0.54559577
0.6748202
0.47362727
-0.6511087
-1.1645037
-1.3646615
0.39450303
-0.8301964
0.7505117
0.88446075
0.5883232
-0.91171515
-0.6896402
0.15804212
-0.59117854
-0.31595036
-0.45339462
0.9825563
-0.055879228
-0.27968672
-0.041653875
-0.40261555
-1.0297251
-0.888716
0.418597
-0.0071802223
0.13928576
0.46339542
-0.5395632
-0.3677827
-0.38857773
0.8838813
-0.65671587
-0.91409755
-1.0255414
-0.7358353
0.73720616
-0.8636066
0.8350742
0.12315777
-0.4889812
0.59664875
0.49962422
-0.97824174
0.41192588
-0.8348386
0.12515824
0.43102136
1.1575837
0.15393254
0.17834802
-0.96664834
-1.1003689
-0.8305765
0.14756817
0.018540386
0.7344835
0.35043997
0.37247992
-0.69437295
-0.49392983
0.6667329
0.057512935
-0.9515951
-0.7253243
-0.6846613
-0.9152325
0.36256936
0.36215493
0.9220007
-0.07138115
-0.13809212
-0.79623973
-0.44195443
0.6602901
-0.65708226
0.7286239
-0.6320194
0.98726344
0.92383385
-0.4273652
0.5161045
0.4112488
0.7596112
0.13761413
0.72911394
0.5950116
-0.5897172
-0.45111805
-0.13030873
-0.14546557
-0.5012629
-0.78826
-0.1957598
0.110692605
0.70489
0.09382784
0.84375423
0.21049257
-1.1863695
-0.43241882
-0.8957709
-0.7495901
0.37345952
-0.04916007
-0.26405802
3.0335714E-4
-0.4308634
-0.4859998
0.46693343
-0.37079564
-0.041713513
0.49055135
-0.7374026
0.82498974
0.31077704
0.9292659
-1.1904271
-0.8849345
-0.47883686
-0.08820487
0.15797551
-0.6164729
0.37945703
-0.41596898
-0.18018351
-0.38718557
0.07822162
0.9873001
-0.25000387
-0.04941158
0.49139825
0.08947002
-0.14598621
-0.70764256
0.12653913
-0.9106855
-0.30629784
-0.57712245
0.75607
-0.5845863
-0.9011474
-0.20424733
-0.909852
0.29642656
-0.9637326
0.1771059
0.2995504
0.54708886
-0.73212945
0.73852694
0.29023388
0.7850904
-0.6006243
-0.81450814
0.6065073
-0.2960403
-0.22010444
-0.96549
-0.42922541
0.84528357
0.16185994
-0.5720144
0.84143305
-0.39176068
0.31556585
-0.5159444
-0.7693136
0.12959018
0.66007036
-0.45447809
-1.0102229
0.21019197
-0.42434907
-0.7936239
0.7031534
-0.26515684
-0.03392873
-0.43530697
0.7553098
-0.69642293
0.2378326
0.16296268
0.901459
-0.15784857
0.07986301
-0.48759997
-0.83227783
0.5024854
-0.11790444
0.14294134
-0.85107154
0.71354157
0.62116003
-0.33859354
0.2703972
0.9818858
-0.18080899
-0.17310284
0.17496064
0.39381832
-0.15131703
0.2584142
0.15987103
-0.3925932
1.0029106
0.68350315
-0.6104815
-0.5820706
0.09183407
-0.5285747
-0.003052877
-0.9237552
-0.5026615
0.6543359
0.93150455
-0.8159751
0.07898529
0.49703467
-0.23449072
-0.33877957
0.14244328
-0.39008698
1.0165237
0.15483908
-0.7762945
-0.041403435
0.50914735
-0.11305742
-0.66239166
0.59126174
-0.3941716
0.8557122
-0.380481
0.22057365
-0.27588877
-0.71211535
-0.2733399
-0.6912009
-0.98293334
-0.34155023
0.79031694
-0.6061914
0.097414486
-0.14064
-0.74774325
0.26350397
0.4937715
-0.6812345
0.6631661
0.19356623
0.14485072
-0.28532442
0.5302192
-0.55235463
0.7161259
-0.14566918
0.10382583
0.07694649
0.87420654
0.80085945
-0.7507441
1.2309356
-0.56453604
-0.07978822
0.58477074
-0.61810446
0.42137808
-0.8384367
-0.2858058
-0.21470998
-0.4960361
0.6301097
0.47297347
-0.30474836
0.7707401
0.3544113
0.13509752
-0.46872857
0.1253796
0.89922607
0.3474133
-0.8624023
-0.5159238
-0.38475138
-0.48524657
0.4638816
0.46458352
0.08838322
-0.43840662
-0.8770659
0.39823365
-0.3646835
0.042946357
-1.22127
-0.37484217
0.7243759
-0.8872631
0.3526186
1.053948
0.93311447
0.9391926
-0.42110372
0.07939291
-0.946962
0.65609044
-0.027079934
-0.20025311
-0.07873904
0.23048803
-0.58786535
1.0253437
-0.5677688
0.6205604
-0.04057814
-0.33770695
-0.6667644
0.6516876
0.49556324
-0.8568334
0.20910913
0.044309564
0.5068802
-0.07706762
-0.41323003
-0.32807747
0.4104163
0.09048482
-0.59263927
0.978665
0.40257418
-0.5166788
0.22702742
-0.004483419
0.8242682
-0.42699692
0.30704677
-0.50527704
-0.39793098
-0.21066673
-0.7860538
0.017026301
-0.8496383
0.61909527
-0.8287381
-0.6278112
-0.74840844
0.22967856
1.0868758
0.30703622
0.78717226
-1.0137094
-0.13655718
-0.029612904
0.15102933
-1.1177214
0.51145744
0.41624162
0.65973604
-0.22827652
0.033511717
0.025153307
-0.9920018
0.5067793
-0.5814174
-0.36982387
0.062355552
0.5499597
0.34651387
0.45316142
-0.20649971
0.65222317
0.61069864
-0.21482511
-0.8696899
1.022997
-0.6943504
0.7809674
0.57414794
-0.46107724
0.19457184
0.35890886
-0.7961468
-0.32214275
0.61737865
0.8703764
-0.19851686
0.1923696
-0.85682666
0.7446808
0.7735973
0.26215896
0.41684902
0.5837499
-0.78021896
-0.8024143
-0.6877255
0.64913166
0.95274836
0.47993708
0.20115405
-0.42353836
-0.68462706
-0.6356123
-0.49434143
-0.016217694
0.601516
-0.76648474
0.80079454
-0.1928295
-0.052915823
-0.008319375
-0.37983835
-0.19488591
-0.55192655
-0.11109656
0.75743896
-0.41730186
-0.54934716
-0.5273834
0.10829162
-0.6435908
0.1762525
0.5365189
0.7320241
-0.921157
-0.74604225
0.36334622
-0.61406964
0.9616984
0.1825578
-0.18194196
-0.6648011
-0.65569377
-0.19516355
0.47488865
0.12105034
0.2768675
0.94334567
-0.92759925
-0.46377045
0.77460945
0.36091375
-0.55893207
-1.1205187
0.6580357
0.22490352
-0.7238839
-0.7524904
-0.89036185
-0.02238696
0.108538546
0.79393107
-0.59390306
0.8345041
-0.77196074
-0.1638211
0.61186457
0.4950151
-0.30023128
0.6280165
0.5316988
0.74190515
-1.0336978
0.25203258
0.66171175
0.28473467
1.1471446
-0.00704013
-0.050681755
0.9521967
-0.55330163
-0.98702204
-0.10985125
0.36695635
0.9248738
0.301163
-0.11593442
0.7125128
-0.057074554
0.61691797
0.115348645
-0.085073195
0.32344314
-0.12434629
-0.41628227
0.047838483
-0.23946983
0.006841418
0.006314563
-1.0521135
-0.26045734
-0.21766344
-0.9131234
-0.73589617
-0.32222134
-0.8423063
0.5835527
0.55354196
0.83640265
0.04562176
-0.56866205
-0.4797082
0.8078472
0.11512893
-0.013308975
0.97759956
-1.1794599
-0.73072064
-0.031422548
-0.62400514
-0.636435
1.24716
0.94700783
-0.6865301
-0.79516774
-0.5976903
0.34257582
0.13866833
0.026912635
0.58385724
0.36368382
0.51355946
-0.11234103
1.0888853
0.037113763
-0.5379116
-0.8977121
0.6564199
-0.54673404
0.2645494
-0.11332505
0.54855055
-0.70676297
0.5649132
0.11491734
-0.31336147
0.5478647
0.08892163
-0.29243472
-0.4108582
0.029499024
-0.2841212
-0.5673245
0.04779249
-0.8820449
0.54362947
-0.62931526
-0.3161909
-0.038767595
-0.30166426
0.78687954
1.02545
1.2124394
0.78374577
-0.63193774
-0.28703424
-0.5828264
-0.13023458
0.21980838
0.10053769
-0.73845106
0.73039883
0.56235904
0.40275198
-0.13727564
-1.2452027
0.17418236
0.84661174
-0.116092406
-0.95700395
-0.8765947
0.734133
0.98715
-0.63407916
-0.6120037
0.5409185
-0.18581463
0.70812327
-0.06812812
0.05857371
-0.4384814
0.3339139
-0.62362605
-0.4282906
-0.4824324
-1.0304501
0.8297203
-0.3189366
-0.69976425
-0.19482884
0.6279964
-0.07498039
-0.4517094
-0.26916116
-0.2711749
-0.9392664
0.3296317
0.82896006
-0.21628992
-0.103217654
1.0192637
-0.03440552
-1.0900865
-0.56859106
0.017878484
0.08752481
-0.87839633
-0.6890424
-0.9576857
-0.68021953
0.23065281
-0.87630713
0.825851
0.35565
0.44028965
1.1293417
0.47409487
0.3944328
0.6379128
-0.77686524
-0.7650524
-0.7388742
0.23639758
-1.0241888
-0.041784998
-0.92501956
-0.19173983
0.4433926
-0.5812565
0.22813854
-0.98409677
-0.17821987
0.13188665
-0.48400941
0.3281275
0.7135138
0.25749883
-0.023598062
0.6582475
-0.6922699
-0.90731245
0.25582027
-0.8790636
0.48501402
-0.25735196
-0.09797677
-0.58141804
0.2872554
-0.49467725
0.40411496
0.3792201
0.563247
0.96470314
1.0816778
-0.46844137
0.4933705
1.1086774
-0.9052768
-0.7976557
0.79883623
0.21703546
0.8040182
-0.42833862
-0.52998245
0.63396496
-0.94792855
0.31933346
0.66835946
-0.2888694
0.6437397
0.41062933
-0.98901415
-0.6233395
0.07965117
-1.0740813
0.51768917
0.7529905
-0.035364307
-0.91862416
0.4547906
0.944191
-0.2512059
-0.43063354
0.39526385
0.40790382
-1.1071266
0.51217663
-0.5842418
0.18904665
0.25211796
-0.42955017
0.18956715
-0.10040293
0.6044074
-0.317545
0.64799505
-0.46391279
0.15038343
-0.1690309
0.68039405
0.36612266
0.7300885
-0.28711745
-0.45173764
0.23048419
-0.18566062
-0.5887981
-0.71645766
0.37568527
0.9472307
-0.73941207
0.27123198
-0.3004693
-0.06515036
0.08811521
0.6376975
0.8536467
0.12844625
-0.21652208
-0.30477303
1.2757397
0.3620542
-0.07060401
-0.7905277
-0.37314406
-0.5437516
-0.59485656
0.20039688
-1.1024731
-0.77286685
0.71340126
0.20481636
-0.41232282
-0.18098314
-0.40042502
0.009464331
-0.920416
0.77690524
-1.0369766
-0.7909697
-0.6680095
0.22423013
-0.18413149
0.19297951
1.1781154
0.55888677
0.8198243
0.8576534
0.24559924
-0.2808793
0.88413024
0.089185275
-0.15084365
0.15553114
-0.122702986
7.553148E-4
-0.2028828
0.3412713
0.5516703
-0.609845
0.5227933
-0.36188126
0.5946283
0.45312622
0.5490418
-1.3519645
0.38744733
0.418345
-0.32642105
-0.7830945
-0.78875744
-0.36768788
-0.121346846
-0.79116774
0.61023396
-0.6210344
0.8253501
-0.2973214
-0.38990355
0.6964729
0.6171553
1.0057945
0.84700376
0.7872134
0.748733
0.8006517
-0.25810227
1.2571993
0.7435279
0.032904193
-0.776075
-0.94176656
0.4769738
0.73765707
0.1832579
0.74060994
-0.32331926
-0.11331489
0.41840693
0.8294778
-0.7407222
-0.24952199
-0.30861047
0.51634026
0.6788575
0.51077724
0.84673846
0.72432756
0.57613814
-0.7979778
0.34216964
-0.9904397
0.8283457
-0.08279403
0.038997065
-0.18457879
-0.22607592
-0.22775581
-0.8486941
0.5988481
0.58912677
-0.51128185
-0.16399752
-0.0726409
-0.24606535
-0.64730453
-0.79259694
0.5305513
-0.16421616
0.25834048
-0.7800531
-0.5844118
-0.7448982
0.6720892
0.51106817
-0.036983617
0.04499817
-0.71852225
0.1321405
-0.6530444
0.0746768
-0.34782955
-0.5499029
0.03743006
0.72123885
0.1303405
0.18167602
0.26117328
-0.5468603
0.9841546
0.23389477
0.6570228
0.13509355
0.47101817
0.88776386
0.39916104
0.7406831
0.57114327
0.5267456
0.64550394
-0.72710353
0.38234904
0.9323717
0.12727638
0.10831721
0.51145643
-0.06722243
0.28664118
0.74541885
-0.30590868
0.48480496
0.62695634
0.78504044
0.16181318
-0.35524255
0.30081874
-0.04528271
0.59720457
1.0082886
-0.23250201
0.41686234
0.6841515
-0.46781084
-0.29251182
0.42605075
0.28831616
-0.47177774
-0.013296489
-0.0025421442
0.45547584
0.4628044
-0.42702973
-0.6834813
-0.9510359
-0.71722853
-0.047233492
0.76419795
-0.020495504
-0.4290984
0.20954768
0.009269521
0.7167001
-0.730024
-1.014755
-0.2806798
0.3978661
-0.561471
0.16700703
-0.26946363
0.8238709
-1.1359476
-0.35223967
-0.94561756
-0.6704238
-0.3081407
-0.09480216
-0.19977383
-0.05389904
0.70876175
0.8326436
-0.34740546
-0.88292235
0.7172222
0.17534725
0.19874902
0.0065918467
0.6678847
-0.46837497
-0.84361076
0.38458017
-0.11529829
-0.18497089
0.2576924
0.7076467
0.21792458
-0.44041726
0.30828238
0.2680156
-0.529966
-0.0097921975
0.5177143
-0.9119195
0.72986776
0.1403072
-0.32150576
0.40162098
-0.15427303
-0.88162774
-0.5390969
-0.31597465
-0.13574904
-0.6557699
-0.5699433
-0.2707953
0.5200809
-0.022215089
-0.5962851
0.11923658
-0.64370227
1.0663633
0.8528186
0.74887246
0.7424803
-0.40661916
-0.99317414
-1.0622374
0.8232837
-0.20166002
0.24377647
0.8815189
-0.52368796
0.12044526
-0.99924743
-0.16729854
0.8718449
-0.13094291
-0.55405366
0.7207031
-0.35778087
-0.34850198
0.24074666
0.39370698
-0.2351383
0.12479205
-0.038660027
0.26275265
0.12761998
0.8650841
0.38686562
0.3191811
0.07451942
-1.0828272
0.7444228
-0.21592695
-0.21244118
0.7960884
-0.010970379
0.45124936
0.21684435
0.15821648
0.5969875
-0.8971378
-0.44493365
0.26511237
-0.39703616
-0.5268531
-0.46958578
0.7412268
0.41927773
1.1315225
-0.9279917
-0.5963059
-0.0050405175
-0.104153395
-0.03301078
0.10093013
-0.05700489
-0.31474748
-0.94355667
-0.96038854
-0.7100324
-0.23216029
0.30420294
0.8077193
0.32413673
-0.82788235
-1.0710013
-0.13485548
-0.44467983
-0.09872303
-0.083779134
1.2707555
0.32238173
0.3638594
0.78140736
0.6084684
0.011895006
0.15408221
0.40070924
-0.32503802
0.20527364
0.96633667
1.2003847
-0.38708574
0.23926656
0.1432543
-1.2844691
0.4280644
-0.66767955
-0.5719122
0.062283978
-0.8193495
0.08694165
0.44283807
0.3317007
0.12832965
0.12551956
0.30655012
-0.6363039
0.22321022
-0.013179161
-1.0904546
-0.116134055
-0.12639658
0.6193553
1.2716001
1.2948905
0.44211277
-0.55339146
0.14830098
-0.5375661
0.50675017
0.5311701
-0.01696827
0.17327973
0.36547488
-0.028934442
-0.54347235
0.8151723
-0.30246362
0.6007816
0.30679804
-1.2236196
-0.8272173
-0.369103
0.5971062
0.20447133
0.49308345
-0.53014296
0.6357573
0.23635705
-0.110435285
0.07336935
0.31734654
0.015687475
0.6787599
-0.36689407
-0.8070108
0.12315638
-0.7805485
0.023088338
-1.1794342
0.46944088
1.2911242
-0.42748967
0.5397447
0.9304545
-0.534735
0.28394935
0.6249468
-0.8747386
0.7577861
-0.6278166
0.7603816
-0.4497409
-0.3152749
0.226302
0.83532494
-1.2280143
-0.4844636
-0.9060975
-0.4900668
0.23865281
-0.3764958
0.87900615
0.34920803
-0.21756592
-0.9287558
-0.48773292
-0.43714806
0.068067685
0.52543974
-0.70020556
-0.5996133
0.57185674
0.30459076
0.12737478
0.73616594
0.24643745
-0.4878341
-0.39628232
0.2829282
-0.22253291
-0.37925106
-0.4594211
0.4125467
0.31458047
-0.40321985
0.18720873
0.39079574
0.15163803
0.3838493
-0.2161461
-0.7583597
-0.11283301
0.78992844
-0.74322027
0.6662075
0.6447019
-0.8807554
0.07246783
-0.7090509
-0.71993923
0.5075062
0.7403329
-0.26414323
-0.19954818
-0.26698056
0.3229111
-0.8130042
-0.06565657
0.75848126
-0.21145272
0.62065387
-0.6088028
0.7055386
-0.1893233
0.16792345
0.5683085
-0.361213
-0.14604981
0.16941112
0.94972813
-0.04693189
0.68993354
-0.6066586
-0.56802773
0.6371428
-1.0793129
-0.7540851
0.76295
-0.86464477
0.7709856
0.8281615
0.28043053
-0.46630135
0.013033064
0.0858335
-0.14880113
-0.2968713
-0.4618922
-0.34314707
-0.6339321
-0.3672561
-0.83373743
0.37635186
-0.9975653
0.7235203
-0.43160036
0.41006315
-0.5946953
0.41287452
0.3278363
-0.92853135
-0.5285036
-0.77401114
0.6194233
-0.57910955
-0.032545615
0.02894798
0.89171565
-0.45898145
0.23322895
0.0143292835
-0.56634474
-0.86029166
0.19672455
-0.16577245
-0.11983202
0.45761076
-0.18270084
0.39828333
-0.9230553
0.61058086
-0.3438565
0.61315846
0.098017745
-0.839898
-0.5520606
0.23091546
0.81200117
-0.13968642
-0.46164367
-0.57654333
-0.2219233
-0.041339304
0.21672407
0.19103056
0.45282862
0.71670634
0.4845819
0.5614835
-0.8091688
-0.59760964
-0.3236932
0.070070475
-0.052707065
-0.16631854
0.4681698
-1.3268161E-4
0.45675948
-1.1068867
0.3246181
0.5625499
0.90694785
0.7852256
0.21568163
-0.38167745
-0.060462415
0.41576093
0.20731536
0.85726434
-0.15077142
-0.9373798
0.01606792
0.54836184
-0.70973784
-0.02853572
0.59911066
-0.95149773
0.66761047
-1.0544538
-0.26076156
0.043054603
0.481932
-0.5861399
0.73829067
-0.6990001
0.21407893
-0.27138075
0.17790468
0.13605906
-0.015561951
-0.23371722
-0.35790882
0.70318174
0.12463416
-0.057131033
0.45294848
0.22407451
0.004066545
0.30279708
0.50522256
-0.874214
0.034400858
-0.3847649
-0.53229046
0.329597
0.36895767
0.7561048
-0.6617179
0.72490287
0.4144616
-0.0490571
-0.5784373
0.34045324
-0.5904958
-0.41496402
0.16376586
0.77568203
-0.21796466
-0.23866037
-0.45527554
-0.92555994
-0.9843348
-0.069386244
0.19868755
0.3328859
-0.06768847
-0.47258678
1.0203373
-0.15282722
0.52840036
-0.64929754
0.7012148
-1.039655
-0.09965816
-0.22162668
0.66784984
0.70068544
-0.6179683
0.04287023
0.7277028
0.80177504
-0.05270414
-0.24117908
0.5776174
0.7269491
0.59531474
-0.7002929
0.41538924
0.42501184
-1.288188
-0.45526558
0.50026333
0.8201556
0.5856196
-0.0868416
-0.6367926
0.5208234
0.37430748
-0.11091309
0.590779
0.5431151
-0.31116357
0.9403256
0.86964625
-0.38768095
0.001242726
1.0687876
0.7543704
0.1617247
0.18806092
0.4770672
-0.4120581
-0.2967445
-0.13497333
-0.88282734
0.23268066
0.57049215
0.42188418
-0.27494353
-0.49561548
-0.24766916
-0.46723598
-0.47407648
-0.22826444
-0.62561566
-0.031058863
-1.0649267
0.2003476
-1.0191312
-0.91636235
0.9651896
1.1563208
0.050134223
0.10163812
-0.9554547
-0.14910938
-0.19348904
-0.07950363
-0.8217971
0.5365177
-0.6440448
-0.6934519
-0.8334654
-0.5082024
-1.0623403
-0.065825425
0.6590583
-0.6330337
0.0019214455
0.8656804
0.110454045
0.4626867
0.6335344
-0.74932194
-0.9020753
-0.53693205
0.01856526
0.6044123
-0.7226063
0.4153259
-0.7674801
0.6065967
