0.002096942
0.22947405
0.21923491
0.10256001
-0.4397138
0.042699218
0.78779846
-0.18230137
0.08310274
0.46785307
-0.7809045
-0.4421885
-0.73323375
-0.1972185
-0.02572668
0.5478769
-0.60193044
-0.8907023
-0.070158035
-0.4389137
0.53762203
-0.42022774
-0.046825156
0.5518253
-0.28325826
0.5854284
0.11462354
0.78740966
-0.1527975
0.75749034
-0.2158919
0.4809907
-1.2873875
-0.23817833
-1.3468592
-0.19975485
1.1053671
0.40831268
0.047752507
0.61014324
0.66787976
-0.100608625
-1.0673443
0.31650314
-0.31084305
0.20456189
0.7066256
-0.14074838
-0.26071325
0.9113088
-0.6590307
0.23116834
0.067650445
0.8761614
-0.536518
-0.04477411
0.13650502
-0.23372759
-0.12727025
0.2455669
-0.80958414
0.2393317
-0.08482359
0.39222303
0.09777509
0.78171194
-0.88595384
-0.5122651
-0.5216787
-0.24603069
-0.75047
0.422598
-0.38195458
0.09681249
-0.45143664
-0.04129074
-0.44838905
0.19944218
-0.18313837
0.9766578
-0.7150279
0.12470278
0.4267699
0.13461916
-0.1556192
0.9796992
3.7248305E-4
0.73283434
0.18556361
1.02787
0.3239326
-0.54794127
-0.5717673
0.66909766
0.791649
-0.8165806
-0.7292629
0.17491952
-0.60934067
-0.31684667
-0.42377752
-1.1016002
0.41011763
0.13774471
0.23402956
0.1475659
0.36668098
-0.5629559
-0.20452775
-0.6146732
0.25110677
-0.21895769
-0.6299914
-0.17750454
-0.37416294
-0.12381673
-0.106778316
0.4891844
-0.2149828
-0.8009917
0.34671286
-0.269914
0.7095762
-0.3769858
0.41457653
-0.097996294
0.42798385
-0.8229092
0.25842294
0.42160827
0.64119697
-0.21400502
0.44786796
0.46576625
0.052429914
-0.016217135
-0.69572484
-1.314596
0.4660244
0.06841605
-0.2768363
-0.60350007
-0.8750981
-0.13597633
0.16463503
0.61083055
0.21486928
-0.98536915
0.12972543
-0.6435123
-0.71658117
0.059199896
-0.3134691
0.9234381
0.20228079
0.10234173
0.39065772
0.12411429
-0.001892388
-1.037406
0.15555824
0.108828574
-0.052916016
-0.9534253
0.4853329
-0.957989
0.17361966
0.2968731
-0.26527905
-0.3369794
-0.6497601
-0.44769964
-0.55202544
-0.18195355
0.7554073
0.6596746
0.6466542
0.6549093
0.121171266
0.16586307
-0.7090904
0.5638704
0.2778
0.22264476
-0.3816379
0.9131395
0.13238984
0.53563046
0.12284157
-0.097662196
0.15277342
-0.53790593
0.13395685
0.1777301
0.2059158
0.38496152
-0.47213945
1.2278234
0.35899565
-0.248131
-1.0047681
-0.82060593
0.5302672
0.54268163
0.035986286
0.630306
0.24617973
0.46610743
-0.06718932
-0.83222085
0.15189253
-0.16211814
0.7973137
0.88599944
0.39734802
-0.92770785
-0.89334655
-0.078169405
-0.58635217
0.18159862
0.34380642
-0.21335323
-0.22245677
-0.25221878
-0.26622277
-0.10098292
0.519817
0.08311863
0.003857568
0.9105575
-0.5709694
-0.63502514
-0.52548194
0.77066654
-0.3354097
-1.5672339
-0.5915806
-0.4801068
0.97224855
-0.027432613
-0.33040532
0.08986337
0.105788894
-0.5254819
0.12411171
-0.86122024
0.4572748
-0.03721494
0.9003357
-0.33636916
-0.115472585
0.7414607
0.18482272
-0.58785266
0.7060306
0.211444
0.60885143
-0.9482745
-0.89833146
-0.098686576
-0.3186942
-0.909795
-0.08900039
-0.6951713
0.07320731
-0.36053947
-0.50371957
0.18375196
-0.840247
-0.5367627
-0.2680443
0.56820494
0.89251745
-0.7104605
-0.42796975
0.6113179
-0.3928314
-0.43873623
0.26565444
1.0368396
0.292896
0.15256046
0.91664064
0.19606903
-0.8260075
0.42498967
-0.58260244
-0.95530057
0.6527235
1.1058358
0.17035733
0.78305
0.77198833
-0.3028765
-0.79166865
0.26047152
0.15476638
1.0367423
0.948156
0.3238955
-0.57018435
0.43483213
-0.5621219
-0.31963307
-0.24212301
-0.2710808
-0.5051757
0.5407491
0.28871524
-0.5335552
-0.44061404
1.0248749
-0.38077292
-0.4131496
0.49230745
-0.3253771
-0.51939183
-0.36111403
-0.80603415
-0.61919975
-0.49200934
-0.6171287
-0.34354603
-0.1519521
-0.53713953
0.044202674
0.16119418
1.0301981
-0.5046618
0.63841534
-0.07827662
-0.46534202
-0.07482563
0.6390214
-0.6840999
-0.5798611
-1.0452875
-0.44721043
-0.2312654
-1.3062155
-0.812337
-0.4905769
-0.19847684
0.08617911
1.0091693
-0.36988398
-0.803142
-1.0220538
0.4019242
-0.17178173
0.30360982
-0.69322795
-0.6482628
-0.36729303
-0.42432684
0.5856993
-0.43069473
0.3757561
0.4682353
-0.88631344
-0.89576936
-0.7727509
0.38747448
0.1515999
-0.45205578
-1.0589161
0.17853718
-1.1061802
0.7466349
-0.17020611
-0.761165
0.2946471
-0.76948535
0.6748699
-0.032265205
-0.5798912
0.20972809
-0.8097377
-0.45495185
0.10692633
-1.3065267
-0.3586599
0.060545847
-0.67100215
0.48349464
0.3524511
-0.06315644
-0.52517
-0.68133134
0.3300356
-0.7135517
0.13541551
-0.50363
-0.06642135
-0.32096425
0.035675224
0.8221525
0.8049084
0.15918499
-0.5862756
-0.44816494
-0.5988107
-0.3017414
-0.093442224
0.32612407
-0.39810407
0.14149107
0.20385872
-0.4133238
-1.1384463
-0.84350276
-0.1905744
-0.48794654
0.47234342
-0.33446473
-0.1994093
-0.10354109
-0.114823304
-0.54142326
0.19833952
-0.36075053
-0.34695816
-0.7285414
-0.81895393
-0.808855
0.2562254
-0.6984707
0.3326923
0.015246609
0.914422
-0.34036157
-0.24226901
0.7802401
-0.09640313
-0.9788849
0.041284494
0.33744237
0.061105166
0.013967061
1.2486296
-0.5570332
0.6883214
-0.6967079
0.45139322
-0.13870712
0.67102826
-0.21895707
0.7905258
0.41133776
-0.12101225
-0.50382924
0.24943168
-0.9208105
0.33676276
0.3343217
0.40252933
-0.775435
0.06683013
0.31256762
0.43174732
-0.6988445
-0.21967605
0.67821854
-0.57812774
-0.3578686
-0.11169461
0.42078748
-0.09243638
-0.34974912
0.43834028
-0.8821712
-1.1214808
-0.9180617
-0.4573505
-0.47440976
0.261123
0.3364923
0.31965154
-0.637485
0.44060597
-0.75187486
0.4156654
-0.7940056
0.67934304
-0.63697946
-0.5084486
-0.31698436
0.70779467
0.0876181
0.35962555
0.5107226
-0.7522409
0.41789475
0.38162205
0.29121488
-0.4252565
-0.31383252
0.87869996
-0.78091025
-0.187287
0.11900769
0.011612762
0.03622158
-0.21744353
0.23532607
-0.05614584
0.19600274
1.166956
-0.14764105
0.6546112
0.3345419
0.7624583
-0.08296739
-0.4294026
-0.55437213
0.5730612
-0.1734467
-0.7231493
-0.57058114
0.88702655
0.87558013
-0.13619971
-0.90936744
0.5271293
1.1006334
-0.32602093
0.9081219
0.822344
0.9883301
-0.46832994
0.51379555
-0.13805877
0.22675587
0.015408481
-0.47769594
-0.6996702
0.5973314
0.90549546
0.26864734
1.0675914
0.75457877
-0.3093847
-0.23648936
-0.14148127
0.6419463
-0.3824854
-0.05366533
0.5409055
0.1462403
1.1002045
0.80700177
-0.7635134
0.15812063
-0.56228316
-0.15376163
-1.215067
0.39530674
-0.31908458
0.5632073
0.58655274
-0.5232472
-0.5551629
-0.17602488
0.79437464
0.44621837
-0.13581264
-0.39992693
0.4385832
1.2404276
0.50438666
-0.13699143
0.053698067
-0.22884344
-0.4572795
-0.027771963
0.34553495
0.37411687
0.5012044
-0.44077256
0.6533174
-0.027317276
0.44202682
-0.020785594
0.008022006
-0.29129428
0.2016274
0.09804945
0.28659838
-0.25252655
0.05175173
0.0502515
0.030394383
0.6200013
0.5815076
-0.65837365
-0.07677961
0.8187489
0.7995185
0.026197463
-0.8437824
0.16501823
0.7316793
-0.37275603
0.29141
0.15600191
0.51881987
0.35663983
-0.7173972
-0.6487239
-0.68955207
-0.5307052
-0.69134164
-0.59544504
-0.9106026
0.022095187
-0.5138181
-1.0531713
-1.0552268
-0.02881925
-0.9515508
-0.94696313
-0.97493434
-0.7293028
0.56957525
-0.4012408
0.82898116
-0.26336634
-1.2515324
-0.09268166
-0.17590919
0.68892455
0.05506276
0.8099226
0.035954926
-0.11807698
0.17282502
-0.38064963
0.4392914
0.005113497
-0.8366824
1.0619678
-0.46787602
0.42375225
0.20901072
0.07822085
0.056495346
-0.47514045
-0.47713527
0.7037598
0.37763706
0.55652535
-0.48059717
-0.8299203
-0.7705406
-0.8255927
-0.21250473
-0.59939504
0.6566687
0.4109922
-1.4810661
-0.92422825
-1.1314117
-0.13298635
-0.28980395
1.5093327
-0.08941741
-0.44712883
0.02012548
0.20721675
-0.56313854
-0.8518366
-0.36772007
0.79529864
0.59095305
0.81568503
0.62000763
-0.56737953
-0.8762841
0.21915479
-0.6320514
-0.548591
0.51473546
0.8807417
0.6743682
0.6597798
0.6058289
0.075744234
0.17020194
-1.1996382
0.091731325
-0.6375593
-0.23087668
0.15869655
-0.504715
0.27181348
-0.9672362
-0.21305704
-0.66287386
0.4795212
0.15788989
0.3362947
-0.04259383
0.5601806
0.5615971
-0.48984045
0.31715578
0.22245695
0.75116867
0.7809048
0.72011626
-0.0951692
1.0605245
1.2656482
0.12487997
0.55889267
0.98027813
-0.5488361
0.33444497
0.15137576
0.44844252
-0.47441643
0.89354366
0.44975695
-0.19210729
-0.5308687
0.31441438
-0.41083816
0.25278774
-0.3733536
0.027836164
0.6289238
0.21887916
0.52638483
-0.117864
-0.2730319
1.0546865
0.934061
-0.30004966
-0.5912661
-0.15927607
-0.57905483
-0.8934892
0.14424784
-0.6454683
0.44649515
-0.4635922
0.5538026
-0.13210815
1.1231763
-0.28067774
0.055620037
0.12048129
0.4845184
-0.6633137
-0.179711
0.1970667
0.16665924
0.47459158
-0.443948
-0.48664325
0.7297644
-0.9142465
0.8637821
1.0627908
-0.12964159
-0.19607677
-0.9029033
-0.41579178
0.44175708
0.55708444
-0.52261543
0.0074829613
0.6193985
-0.14143772
0.5109455
-0.28455934
-0.745547
0.31661087
-0.09275977
0.23179138
-0.36346424
0.7445802
-0.78156507
0.97535825
0.8720322
-0.5608986
0.59898484
0.8588853
0.44267005
0.7353175
0.824548
-0.64100707
-0.73865885
0.34078515
0.2287383
-0.037504923
0.32070446
0.2546656
-0.49722502
0.30251947
0.37633303
0.43963292
-0.059787046
0.37675542
1.1582898
0.6775423
-0.1658421
-0.8688682
-0.22710174
-0.8775555
-0.2942639
-0.4416085
-0.6587437
0.5604462
-0.95483553
0.3869647
-0.25521556
0.023283347
0.18654248
-0.8029905
1.1657648
0.09010424
-0.5424054
-0.23899098
0.78963834
-0.18716572
-0.15899932
-0.0074646585
0.46566764
0.44631
0.36781734
0.15057853
-0.5518757
-0.08385515
-0.6024162
0.49761692
0.82106435
-0.6476677
0.24649039
-0.8519454
-0.33547425
-0.046370212
0.15925692
-0.39094338
0.84319884
-0.068698674
0.17472573
-0.26987085
0.97061574
0.9467423
-1.1959143
0.38172615
-0.20235579
1.0333592
0.023122013
0.2670375
0.6828201
0.23829645
0.7176307
-0.5882991
-0.2728271
-0.23211037
-0.07007912
-1.5572505
-0.41134116
0.58050925
0.9866308
0.6887035
-0.516029
0.1657927
0.4397493
0.7158067
0.5827474
0.8206196
-0.310047
-0.5188316
-0.217985
0.7106599
-0.3136724
0.41340175
-0.030859817
0.03026823
-0.20178048
0.7461491
1.2672892
1.0750784
0.19947377
-0.0069865384
0.50925916
0.10776942
-0.74395615
-0.33906552
0.19177148
-0.20499605
-0.15527521
0.8878898
0.68280274
0.4965332
0.3657603
-0.7335292
-0.13000363
0.42963085
-0.21080393
-0.45799702
0.19471155
-0.26901463
1.3100148
0.054278683
-0.50940764
-0.0018366124
0.10076971
0.43875268
-1.2854645
0.30563593
1.0151553
1.1105598
0.36440843
-0.84133
-1.5359514
0.53087205
-0.59283704
-0.88268936
0.8770565
1.1311845
0.6361524
0.31860897
0.16897252
0.60537034
0.39375052
-0.054986298
-0.46170732
-0.69552934
-0.030426934
0.72980094
0.053265516
-0.8821648
0.3393584
-0.1796611
-0.64336926
0.49496803
0.30285832
0.72523695
-0.12888895
0.46648872
-0.40178943
0.34599578
0.36643985
0.5423235
-0.861854
-0.17676237
-0.39128023
-0.74419814
-0.17688476
-0.9508324
-0.7697797
0.4725647
-0.8805059
0.19262911
-0.27788126
0.8532282
0.87226576
0.283892
0.39376256
-0.30613065
0.45053852
0.37981674
-0.53994864
-0.40788582
-0.6632621
-0.41077176
1.094375
0.37317663
-0.16900048
-0.36493546
1.1061571
0.9255649
0.31605566
-0.87225163
-0.034859706
-0.25597516
-0.36044484
0.38912022
-0.0051820823
0.6112717
-0.07769348
0.6736105
0.17439087
0.8175164
0.32458442
-0.36639887
-0.20560032
0.4544162
0.3598216
-0.44023368
0.6864137
-0.10382333
0.6867493
-0.73351824
0.3224155
0.4537731
0.33933103
0.36207002
0.7241716
0.3349915
0.14299637
-0.1432904
0.03171222
-0.0055087307
-0.5669531
0.48693746
0.3801827
0.17922585
-0.28128323
1.0701816
-0.65619975
-0.3911678
0.38247755
-0.22450632
-0.6897984
0.4008941
-0.39886427
-0.6254311
0.09488116
-0.052966684
-0.4334853
-0.20630763
0.042183653
-0.16517882
-1.0105433
0.508956
-0.6587567
0.5703307
0.06656277
0.3061919
-0.52718
0.23254521
0.25093195
0.49866086
0.3830261
0.3844931
-0.74086577
-0.8869299
0.17981826
0.33363828
-0.37600574
0.7278162
0.5899398
0.36412612
-0.553126
0.100393154
-0.7988273
-0.22602803
0.54670554
0.08467807
-0.11767082
0.10605929
0.4853645
-0.047495604
-0.13096263
-0.3930145
0.5397002
-0.9288885
-0.61853355
-0.13661684
-0.35545376
-0.37468585
0.42083627
-0.059243627
-0.80229706
-0.64958364
-0.37903655
-0.48022163
0.049826335
-0.3376873
-0.60210955
-0.43269515
0.47256222
0.0817131
0.7594722
1.20073
0.68704426
-0.54039943
0.70080245
0.8017022
-0.13960226
-1.0954672
-0.8174437
0.18519534
0.7169717
0.39190134
0.19515923
1.3486851
0.50263846
0.6447343
-0.007342663
-0.037835944
-1.0303861
-0.21391955
0.57934535
0.7409209
-0.4950889
0.8955943
-0.046340622
-0.59601665
0.26666823
0.7519026
1.2467916
1.3500719
-0.41277736
0.071952015
0.82372445
-0.4479786
-0.38439882
-0.66449755
-0.24907544
-0.4790763
-0.24028252
-0.20258309
0.33735588
0.13733648
-0.29774648
0.4694089
-1.2087015
0.39520153
0.26536727
0.082522586
0.18012384
0.08112616
0.5417528
-0.3090809
0.7460722
0.8295639
0.9007978
0.48971698
0.15987414
-0.31625405
-0.1869144
-0.30267107
1.1244446
0.10935267
-0.36279857
1.0442159
0.64552873
0.83726645
-0.35110903
-0.7852571
-0.30228758
-0.33680332
-0.61849165
-0.17375846
-0.0020600648
0.6543444
-0.19540654
-1.2255008
-0.79380643
-0.54111844
-0.71789646
-0.078360595
0.8258005
-0.29182446
0.2420771
-0.9062757
0.35867515
-0.040594194
0.3301173
-0.9342636
1.087072
0.40224022
-0.12060642
0.3652697
0.79437816
-0.4616041
0.2863424
-0.37874016
0.66409266
0.9819777
-0.75403136
0.5849912
-0.36429656
0.55050296
0.6798742
0.39843473
-0.6445061
0.23969999
-0.902821
0.42501238
0.84973806
0.022006705
0.07353763
0.49574745
-1.0672467
-0.034336917
0.16518013
-0.52572227
-0.17546606
-0.23021777
0.81528777
-0.28644374
-0.42364234
-0.050514147
-0.461916
0.22949737
0.5581962
0.61725205
-0.764935
0.6622142
-0.11429025
0.36934507
-0.4251149
-0.11974147
-0.106695384
0.05693187
-0.6605758
0.2915918
-0.16961291
0.2631617
-0.69539887
-0.0026423952
-0.1016049
-0.24604724
-0.38519654
0.26891682
0.06803922
0.6249597
-0.30912918
0.69177586
-0.27255604
-0.6992059
0.62252474
-0.15314731
0.59873974
-0.08412645
-0.06966368
-0.8915382
-0.7538477
0.7696101
-0.5470044
-0.20470679
-0.415522
0.32326913
0.4431085
-0.30632463
0.28218907
0.24571112
-0.48954138
-0.66826355
-0.12942246
0.58102274
-0.35803416
-0.44836247
-0.23015203
0.6208283
-0.56656176
0.5015155
0.24315211
0.111335695
0.09750639
0.20664299
0.38463518
-0.14455263
-0.064313136
0.03956893
0.6597999
-0.33710137
0.7894098
-0.20391668
-0.5408938
-0.4030786
0.17099038
-0.32646832
0.5841317
0.045097396
-1.2584708
0.29898366
-0.122954346
-0.1657198
0.75946623
-0.6387516
-0.30452088
0.2885736
-0.15032285
-0.5302562
0.06889567
0.08441131
-0.20422633
-0.55469686
-0.07135018
-0.44301522
-0.018887091
-0.9324244
0.37999067
-0.518081
-0.7038858
-0.3709712
0.3563699
0.9740321
1.0054207
-0.61882347
0.48350373
-1.1213636
-0.33103234
0.530314
0.68502146
-0.6649801
0.8261645
0.35480714
0.75576186
-0.38790634
-0.35447618
-0.17187439
-0.38594
-1.2768604
-0.76112
-0.2663373
0.9501066
-0.6832016
0.36088815
0.25020778
0.6355225
-0.66469926
0.91662514
0.9592389
-0.6177041
-0.038659655
-0.89482725
0.12933373
0.3165874
0.49003783
0.93826425
-0.16129829
0.08360316
0.55787873
0.031223493
0.6509429
0.4921934
-0.73666507
-0.027673105
-0.44863036
-0.09835576
-0.18514806
-0.5358653
1.0438122
0.17196801
0.2635936
-0.8155506
0.30156046
0.83043987
-0.5406021
-1.1501384
-0.13556401
-0.12902518
-0.47435796
0.025375085
-0.57564706
0.5095668
0.50473547
0.949214
0.8795334
-0.3837105
-0.09375665
-0.50751746
-0.13800149
-0.66707444
-0.74502724
-0.014122819
-0.9080903
-0.26363003
0.4498056
-0.49340016
0.38722244
-1.2717838
-0.745974
0.18443322
-0.5998995
-0.4989427
-0.27236742
1.152449
0.12073361
0.41441667
-1.3750653
0.4479424
0.29421788
-0.7091969
-0.33801815
-0.20469813
0.46215364
1.2465413
0.9713737
-0.23907274
-0.4621542
1.1115184
-0.41237855
-0.82938904
0.41814968
-0.16298619
0.15424685
0.88040733
-0.29534984
0.57864535
0.61105865
0.0702372
-0.56253505
0.40449804
0.97643596
0.275255
0.0011511293
-0.802491
0.067541204
0.36213347
-0.7892286
-1.0335352
0.7245884
-0.45845276
-0.76571006
-0.7761541
-0.56289977
0.13360931
-0.73043543
-0.18718204
0.43384275
-0.29131514
0.87173456
1.177519
-0.5260028
-0.7007487
0.4584961
-0.6083716
-0.11246681
-0.14207692
-0.44400045
1.1064975
0.8604927
-0.71721333
-0.8211553
0.12835722
0.51369107
0.26519528
0.29691198
0.26836067
0.41304523
1.0727723
-0.21433303
-0.7106903
-0.6039965
-0.27684107
-0.08222223
-0.8687433
-0.4708106
0.70378596
-0.75194746
-0.31391937
-0.82918614
-0.6407859
-1.0892305
0.4991121
-0.39418343
0.34074017
0.32052097
-0.20666105
-0.15525967
0.44752944
-0.4555482
-0.26853323
-0.54320633
-0.81894183
-0.30458942
0.46558586
-0.75074595
-0.5514349
0.39611787
-0.81986594
0.60589063
0.30994466
0.028550763
-0.8434659
0.4801836
0.3241822
0.084942736
0.68744045
0.059583027
0.8299141
-0.973778
0.38401207
-0.20390508
-0.28613365
0.20473728
0.1652107
-0.19983864
-0.45729136
0.18769348
0.35341656
0.1666029
-0.5877989
0.5463479
-0.37608817
1.046511
0.84476167
-0.14820106
-1.0776094
0.35324836
0.19535837
-0.24383613
-1.0225157
-0.41539213
0.6370256
-0.054867364
-0.4290246
0.58001477
-0.4123689
0.7108987
0.8021028
-0.078910515
-0.48657623
0.17375064
0.5388452
-0.73532486
-0.22032797
-0.37370715
-0.2910604
0.20562547
0.5383961
-0.48729366
1.0858184
0.14046651
0.25669563
0.061169576
0.34500003
-0.16457948
-0.5785064
-0.37965554
-0.10070198
-0.30184355
-0.7080776
0.3230284
-0.293527
-0.4042235
-1.010928
0.308071
-0.74433637
0.14892524
0.3215469
0.5784507
0.45963022
-0.99790066
-1.0358664
0.3633314
-0.46255997
-0.39366418
0.0872174
-0.55213964
-0.92531294
-0.32687277
-0.6292925
-0.1681953
0.58287865
-0.76999
-0.3567727
1.5229523
0.48896098
-0.63447344
0.6271752
0.17318942
-0.5950866
0.1512786
0.4310992
0.8616328
-0.77515376
-0.7788992
-0.81272274
0.025410647
0.093766406
0.19518721
0.037167657
-0.32381153
0.63485587
0.14945881
0.038588353
-0.1037182
0.04524946
0.09151616
-0.31863996
0.09251856
0.11508475
0.13968833
-0.3531419
-0.116858736
0.6930436
-0.3364653
-0.9453019
-0.3392619
-0.5696687
-0.3284735
0.052591544
0.012585574
-0.7296644
0.15249917
-0.5402437
-0.36804122
0.18738429
0.36428225
0.7727394
0.7029634
0.26616797
0.34958255
-0.5128518
-0.1709534
0.5345032
0.6851868
-0.51442444
0.63725513
-0.32130513
-0.25302362
0.85731715
0.6126932
1.0090929
-0.09269523
0.3182012
0.12655722
0.6839069
0.045806922
0.85213655
-0.21283776
-0.7539376
-0.71011823
-0.8450345
-0.1552092
0.4544792
-0.0827069
0.028808055
-0.42050493
-0.3852275
-0.21618871
-0.8928592
-0.30748358
0.022032738
-0.7878821
-0.4165966
-0.3716302
0.1967548
-0.480815
-0.56706816
-0.04294862
0.41840816
0.20777929
0.58482444
-0.25170773
-0.5664792
0.31398004
-0.42803723
0.78170246
0.073785365
1.0340711
0.31282052
-0.20523855
-0.43493578
0.71629846
1.2084473
0.88191754
0.64099765
-0.9111253
-0.407909
-0.7410007
-0.18501353
-0.18399042
-0.27753612
0.8596767
0.29762852
0.76839393
-0.35902154
-0.66965353
0.8631589
0.25565213
-0.81115437
0.43125868
0.04457996
0.20860861
-0.26266462
0.5753773
0.14465804
0.80091053
-0.28622043
0.61645967
0.051736765
0.42260396
0.20728126
-0.062404078
0.43353587
0.03175625
0.17312306
-0.2828701
0.4239138
-0.66923857
-0.34089404
0.95559067
-0.17629686
0.39307207
1.0743276
-0.64755017
-0.5770075
0.07583702
-0.26929736
-0.014225407
-0.50630856
-0.35707954
0.6081481
0.74541956
-1.2936046
-0.31900415
-0.4451918
0.29442143
0.4753928
-0.26206103
0.22167528
-0.17263255
-0.35681355
0.7148863
0.025339685
-0.84951633
0.67607766
0.05689215
0.30185717
-0.18155098
-0.060498785
-0.34122533
-0.29790875
-0.72210866
-0.4621462
0.3513044
0.60045266
-0.5002718
-0.038757045
-0.30059212
-0.42136127
0.5518822
-0.36961877
0.33824596
0.75796664
-0.6159376
0.15131412
-0.8215838
0.36785835
-0.6256528
-0.15344153
-0.77167916
-0.12605181
-0.21509443
-0.34773406
-0.45110056
-0.23860717
-0.43090662
0.032551974
0.3749558
0.5026898
0.22829711
-0.36243078
0.03920933
-0.46037582
-0.29469332
0.23943518
-0.60152155
-0.8503391
-0.4385322
-0.075843126
-0.31086946
0.9018931
