-0.67825204
0.1412174
0.22868532
0.44771883
-0.5419388
-0.13845429
-0.17677031
-0.26237378
0.21363439
-0.46674046
1.0382543
0.43575013
-0.7353515
0.16584307
-0.88049686
-0.36592454
0.5757626
0.048202623
-0.32076693
1.2430472
-0.09784631
0.123435795
-0.204579
-0.39496383
-0.089971274
-0.13960774
0.08539277
0.020392796
0.07564034
-0.52960175
-0.77572167
-0.3147723
1.2796949
0.8508543
1.1185263
-0.042516466
-1.2317963
-0.79745597
0.9831514
0.45495883
0.73069596
0.42888007
-0.18301253
-0.31965637
-0.037521575
0.91256547
0.41205436
0.14246157
0.26377368
-1.0551183
1.0376267
0.031364378
-0.005163923
-0.88597065
-0.25041404
1.0326302
0.76273656
0.68016577
0.18154773
0.020092612
-0.38796833
0.42062858
0.6192747
-0.38973278
-0.22493847
-0.31561682
0.5830616
0.41353762
-0.5432314
0.41471705
0.6247644
0.050273485
0.024625862
-0.2567124
-0.026560515
-0.15163271
0.2828534
0.20790614
0.18073644
-1.0484297
0.97135127
0.2769712
-0.13347049
0.905007
0.73646855
-0.3303553
0.73884326
-0.25473854
0.061091024
-0.55365515
0.039690576
0.23890544
0.08929012
0.41586474
-0.19772254
-0.2163104
-1.0197915
0.30747062
1.0255681
0.84725696
-0.06755274
1.8079823
0.89502436
-0.3787389
-0.25489154
0.5699533
-0.0857031
-0.28545302
-0.35927373
0.8899829
0.21028456
-0.42080802
-0.2537256
-0.3659043
0.6712606
-0.45270684
-0.39517555
-0.54415894
-0.109590225
0.32981035
0.042285975
-0.73179865
-0.3520497
0.8612817
0.3233561
-0.54361063
0.91930145
0.719914
0.27159727
-0.44262257
0.5006209
-0.1759986
-0.32949305
0.43987706
-0.33596557
0.2119293
0.52018154
0.4394268
-1.004979
-0.79201704
0.63107944
0.25251853
0.42819592
0.59527117
0.06281658
-0.6145655
-6.10989E-4
0.56714463
0.015617054
0.86606276
0.019046513
0.33052972
0.14455229
0.130878
-0.8202165
0.1804921
0.20112358
0.13511935
-0.012793142
-7.649068E-4
-0.49332005
0.8659711
0.21605992
0.23886843
0.122557804
0.88192654
-0.415965
0.4993238
0.75630486
0.59063137
0.42994365
0.34924218
-0.8805983
-1.0967532
-0.19377571
0.56828123
0.31427127
1.2203301
0.68230015
0.8243917
0.06276134
-0.45768103
0.3722505
1.2360657
-0.65858364
0.19009115
0.4833512
0.49192497
0.3800641
0.10626184
-0.247342
-0.10040908
0.29671213
0.6427504
0.5194163
0.64869034
0.1206487
-0.14710322
-0.3331005
0.92131007
0.8005725
0.58210474
-0.6544131
0.8686709
-0.20559871
-0.6447041
-0.5909327
-0.73987395
0.27113095
0.68834853
-0.08226389
0.47573417
1.1602472
0.20848109
1.3556695
0.7959881
-0.562248
0.89317745
-0.7466822
-0.16225283
-0.13223137
-0.6411189
0.8464557
-0.23651884
-0.8714517
-0.12692414
0.38186193
-0.29703808
-0.7489399
-0.0028477777
-0.2716967
0.70338583
-0.12721826
-0.64592326
1.1053435
1.3776805
0.5798166
1.2635307
-0.8797289
-1.2699997
0.1532118
-0.3791248
0.064735614
-0.15461853
-0.15816176
-0.1291436
0.23842919
-0.20005235
0.07872173
-0.5169887
0.23392402
-0.104283385
0.83635354
-0.5263638
-0.19737035
-0.42468882
0.19818926
0.033859424
0.7060715
0.10881632
-0.31886452
0.56955993
-0.012393593
0.068288736
0.26941994
-6.482677E-4
0.43768778
0.40743327
0.70235866
0.06351373
-0.07811407
0.49800923
-1.2070246
0.47098008
-0.97575855
0.6466401
0.40291992
0.5925336
0.22460864
-0.50273556
-0.2742156
-0.10952481
0.14499265
-1.1106763
-0.16840021
-0.39899772
-0.6775791
0.02021389
0.15250413
-0.038419735
-0.8917236
0.29683176
-0.25773677
0.9810694
-1.0307678
-0.09877356
0.48092124
-0.671886
-0.39649382
0.3747325
0.9966071
-0.70195824
0.6542999
0.36186782
-0.50334203
-0.36281505
0.17596753
-0.37313443
0.6087048
-0.8559067
0.87124634
0.2792913
0.9739891
0.2792226
-0.5394254
-0.3151706
0.6244999
1.0099148
0.67411757
0.9174166
0.121660255
0.54340684
-1.2096939
0.0053441995
0.92315805
0.3934382
1.1175381
-0.26187307
0.8706764
0.94939846
0.8836903
0.4347461
0.9383401
-0.28877404
0.58873016
1.1106445
1.1903125
-0.3681109
0.8049157
0.04236973
0.5195757
-0.4794307
0.026772605
-0.24585134
0.73781085
0.6156611
-0.2665356
-0.27452785
-0.11557271
0.28481913
0.17997806
0.116059735
0.37235814
1.0234687
1.355727
0.34227982
0.20121306
0.8146976
-1.3964072
0.37885773
0.06772982
0.73293203
-0.40323296
-0.5513852
0.24326225
0.52008593
0.9288822
0.039775036
1.3671719
0.15186347
0.19217256
1.2134993
0.6242465
0.47058228
-0.082739994
0.43385398
0.6793459
0.2552501
-0.076750934
-0.072350025
0.6376646
0.74380535
0.2646703
0.86270064
0.39812928
-0.48325658
0.6901102
0.18312575
-0.5169833
0.66826993
0.07165494
-0.14726417
0.8407676
0.773747
0.15271452
1.1034812
0.18951157
-0.51081
-0.46670142
0.17799401
0.8371493
-0.14987552
1.552507
0.36749944
0.09065039
0.66114795
1.4274386
1.186748
-0.07125837
0.722564
0.71332604
-0.12118135
0.7053243
-0.17052664
-0.32204664
-0.89993435
0.40679574
0.91701144
0.4279794
0.24508174
0.37847993
0.5393824
0.086911686
1.0411218
-0.67538434
0.4951028
0.18140957
0.80409193
-0.3531969
1.0773941
-0.1605873
-0.37998
1.2400976
-0.5920025
-0.3503294
0.3867616
-0.29840678
-0.22183122
0.14294891
-0.65356255
-0.23235267
0.598073
-0.2988108
-0.91194695
1.134091
0.29048756
0.074930646
-0.94986624
-0.17815866
0.284763
-0.5691552
-1.0126587
-0.21018693
0.7011131
0.3015846
0.14293589
0.20303974
0.59715384
-0.42296085
-0.8355334
-0.2745968
0.1280296
-0.48597133
0.80146736
-0.2804646
0.2572281
-0.26911825
-0.5997015
-0.32050705
0.92862135
-0.66548663
0.40769726
-0.0031800899
0.33032393
-0.08585996
0.06496809
-0.3088016
-0.4857989
0.60009557
-0.15458179
-0.28098935
-0.0757567
0.052578665
-0.23208946
0.69880795
0.7902513
0.5121999
0.093302555
-0.4315155
-0.4214033
-0.48394975
0.991003
0.32479858
-0.16189277
0.10926404
0.23377588
0.39585075
-0.36206803
0.27117163
-0.5157111
-0.7879711
-0.4538452
-0.3584305
0.0051326626
-0.112236835
-1.1312675
0.22645321
-0.84038585
0.56954634
-0.73044705
0.2776964
-0.26581883
-0.6808023
-0.25169045
0.62041736
0.67225164
0.33186102
-0.7617131
-0.18931913
-0.82618797
-0.42508978
0.1665482
0.15550491
0.4195832
0.17741217
0.81692296
-0.54963124
0.4894202
-0.3826422
-0.17332233
-0.98473305
-0.46732208
0.313581
-0.16816382
-0.8070183
0.20883758
-0.54802114
-0.5545734
-0.7182148
-0.2334258
-0.71859413
-0.8682056
-1.263532
0.30962604
0.013490466
-0.57653576
1.2448658
0.6353382
0.049577046
0.22353162
0.75534296
0.6657172
-0.30255377
0.18438157
0.83996767
-0.8317827
-0.76790386
0.37238857
-0.52779126
-0.98717725
0.30592805
0.10089205
-0.44611025
-0.44875506
0.97176313
-0.6381973
-0.73782104
0.016192947
0.15191358
-0.9418556
-0.30727172
-0.29859954
-0.8035271
-0.06458622
-1.2617962
-0.52148104
0.9446317
0.1224137
-0.37663424
0.23468207
0.16859286
0.68750906
1.850183
1.074997
1.9246686
0.8592829
0.019747112
0.3579082
-0.18051524
-0.8469802
0.1511392
-0.64045525
-0.21142885
0.33231214
0.64699876
-0.46673003
-0.06824121
0.86808974
0.935886
-0.4874943
0.8292507
0.43356964
-0.6610524
0.4044904
-0.4920594
0.040674105
0.089226335
0.36725894
0.22181043
-0.5624684
-0.21274059
-0.20065533
1.0605663
1.2337129
-0.21772923
-0.23362264
1.1725595
-0.078230366
0.23965704
1.5361646
0.051786482
1.5149127
0.8719746
-0.0924808
0.50507426
-0.24000537
0.16895624
-0.38495946
-0.20107397
0.93526775
-0.432052
-0.20800908
-1.1614114
0.3321161
0.59937286
0.8141435
-0.8115181
-0.87391335
-0.38443333
0.45630378
-0.28921357
0.103988625
0.37150505
0.8651496
-0.15889831
-1.4110734
-1.2039722
0.062010925
0.07288666
-0.31722635
0.043047152
-0.5920942
0.72696674
0.48840535
0.78732014
0.8894957
-0.43622616
1.4732913
0.98331076
1.2957376
0.094966
-0.23672654
0.025035365
0.4950218
0.16040084
0.92275804
-1.4614105
-1.6330706
0.2051787
-0.3472343
0.3502638
1.6101388
-0.48198646
0.23828018
-0.64300233
-1.4200523
0.15906973
0.11110276
0.5018477
0.70134467
0.08005883
-0.47387496
0.94087684
-0.86780727
0.524394
-0.42954123
-0.24702889
0.02884712
0.11845196
0.95951766
0.07736063
0.1253125
0.42968345
0.59821177
0.23205861
0.9727464
1.0506207
-0.79662526
-0.58603066
-0.7462814
-1.2638912
-0.0024210128
0.022869801
-0.74115616
0.55194724
-0.9013609
-0.3085087
-0.19525813
-0.22236496
-0.60183346
0.86138725
-0.7925568
-0.5185786
-0.11846741
0.66960645
-1.1611421
0.18911907
0.11346944
0.108948745
-0.48694435
-0.6080229
0.0045133745
0.34117782
-0.8729253
-0.1995142
-0.32718477
0.2881584
0.71830267
-0.50748223
-0.54236394
0.41867653
0.35723132
0.4373623
0.1496902
0.25331908
-0.13585635
-0.24736735
-0.073200405
-0.22211333
0.46651226
-0.22124544
-0.30762175
0.02761222
-0.7799025
-0.19098279
-0.011820208
0.7661494
-0.3516331
-0.20588529
0.4180537
-0.26739246
-0.8447851
0.8305996
-0.10382915
-0.21196868
-0.0694019
-0.301078
-0.5777342
-0.21774861
-0.2758677
-0.15959835
-0.50863343
0.6212964
-0.45770493
0.6870409
0.9971469
0.96873516
0.82043767
-0.50432223
-0.20925647
0.64607376
-0.25239986
0.37817308
0.040418923
-0.25455168
-0.49884418
-0.11481807
0.48681018
0.55065936
-0.20557918
0.6282113
0.10013602
0.1589927
1.1819323
0.25373474
0.19953495
-0.6902372
-0.77212006
0.46093476
-0.7561454
-0.08128785
-0.5781762
0.4671136
-0.37052414
-0.80102324
0.52364266
0.09989946
-0.14187256
-0.1407183
0.8673595
-0.23651575
-0.40754297
0.49206617
0.13077323
-0.54419845
0.3162021
0.47591287
-0.07716892
-0.0047776685
0.6558415
-0.87344813
0.5663918
-0.09382423
0.27974656
0.6969256
0.8759526
0.6156037
-0.74584734
0.90535915
-0.2574928
-0.036964774
0.18829034
0.37337288
0.85519457
-0.7381925
-0.110516265
-0.795699
0.953384
-0.82329017
-0.6760472
-1.5726782
-0.23227158
-1.1490641
-0.5784861
1.3205425
-0.25758407
-0.6138318
-0.34602305
-0.44520003
-0.012122724
0.8785895
1.4171139
0.41352776
0.37982693
-1.3026602
-0.103992514
0.5074517
-0.17864163
-1.2052397
0.45425165
-0.4170102
0.0677318
0.1126635
0.24958104
-0.86999977
-0.48118296
0.013342356
-0.24005356
0.27178156
-0.143959
0.06250381
0.60727996
-0.41707182
0.06526449
-1.083846
0.0897092
-1.1867893
-0.905502
-0.24575341
0.41539088
0.82629716
0.24335335
-0.49879625
-0.38450086
-0.9236796
0.02253816
0.80638546
0.3834142
-0.77208203
-0.5433972
-0.49708503
-0.88340974
-0.34011877
-0.6428001
0.104980394
-1.6054822
-0.50578314
-0.14232063
0.21488264
-1.4267894
-0.22166573
-0.78500897
-1.0239471
-0.42166722
-0.77818733
-0.12857443
0.16317874
-0.2869393
-0.5983567
-0.9424276
0.36428493
0.3949752
-0.43150064
0.9534027
0.46504477
-0.2419064
-0.04845141
0.5972634
-0.39585453
0.5721976
-0.700035
0.8003735
-0.047476813
0.23277827
-1.0379325
-1.6369135
-1.0864657
-0.35369396
-0.13267668
-0.6185963
0.023717599
0.5386183
0.6336739
-1.0823466
0.5117447
-0.6535468
0.07809707
-1.320786
0.40474626
-0.121577375
-0.07755289
0.32310557
-0.48287648
-0.19978519
0.012641529
0.14867122
-0.56798077
0.24045508
0.10393828
-0.8667244
-0.8128623
0.8124331
-0.12231043
0.06208861
0.0043067713
-0.4573483
0.2391178
0.4578828
0.84671724
-0.4732513
0.35842943
0.6931431
-0.5600549
0.1550372
0.048749726
-0.3186747
-0.34159654
-0.25875655
0.4762932
0.8447233
-0.5052437
-0.7600271
0.20636278
-0.23492008
-0.5828169
-0.75679576
0.3798437
0.42264876
-0.30132222
-0.11723602
0.054485217
-0.57310516
0.37785372
-0.40504926
-0.5327166
-0.38582027
0.16051193
-0.041266885
-0.44757974
0.5271763
-0.14885011
-0.2922157
-0.6105104
0.36021942
-0.2535936
-0.010127093
0.01622525
-0.5162411
0.20221414
0.0153672155
-0.46706098
0.56568563
0.24069285
-0.02254864
-0.8149207
0.45871603
-1.2118922
-0.38164824
0.6352661
-0.12088833
-0.048044212
0.19254458
0.013515093
-0.15902124
-0.15971936
0.37826234
0.90185547
0.36025664
0.62055963
0.8334845
-0.030974673
-0.44732073
-0.95424443
0.063653596
0.33289495
-0.6543013
-0.035171118
-0.067712724
-0.042891193
-1.3313692
-0.3177794
0.11458885
0.29168725
0.06392235
0.82763004
0.21252091
0.72636575
0.6145342
-0.29851523
0.57475847
-0.015006744
-0.31799498
-0.28686914
-0.7905619
-0.5313185
-0.41030708
0.38305667
0.10026164
-0.3234505
0.2254137
0.078433275
0.51914304
0.006587988
-0.0060006725
0.772485
0.123890236
0.55449206
0.9355057
0.40708247
-0.21569856
-0.6486486
0.7698944
-0.33115932
0.48548615
0.47147617
0.24362133
-0.7204978
0.43799928
0.07115974
-0.039804667
0.11223888
0.4310848
0.9422008
0.10514043
0.6798905
0.2510134
-0.10356695
0.54668
-0.17484325
0.2712893
-0.36861232
1.1037356
1.1479359
1.125581
-0.087818325
0.22134945
0.01597316
1.0539316
0.4351971
0.44995174
-0.32205424
0.36115986
-0.9407825
-0.8823575
0.41522542
-0.41718614
-0.32602406
-0.20200297
-0.28555614
0.23636514
-1.422389
-0.9674165
-0.31280985
-0.5507644
0.10919858
-0.20493747
-1.126443
-1.6192472
-0.8028325
-0.7926828
1.1898595
0.36802685
0.28757796
-0.23366474
0.11597849
-0.76113653
-1.233397
0.4558816
0.57615125
1.0118066
0.25263196
-0.8189677
-0.21319099
1.9727314
-0.16900794
-0.4304798
-1.6520588
-0.39263678
-1.3999782
-0.6104247
-0.53659534
-0.30474856
-0.8616989
-0.07517976
-0.7075142
-0.16756158
-0.8229889
-0.3101529
0.45018777
-0.33587006
-0.5202427
-1.5392581
-0.65366846
-1.0129565
-0.3196581
-0.063266724
0.6049649
-0.8950053
-0.7593716
-0.12577292
-0.38323376
-0.19300751
-0.28796977
0.22083373
-0.7762789
-0.33315
-0.75234395
-0.26451322
-0.9033429
0.7453152
-0.40534937
-0.12966043
-1.5081718
-0.44544667
0.66026145
-0.3078025
-1.6109567
-1.0203781
-1.0233176
-0.40208697
0.06429148
0.08037578
-0.3404792
0.17789035
0.7743182
0.7392856
-1.1333992
-0.23331834
0.0565482
-1.122406
-0.6526455
-0.30173615
1.4099956
0.15477085
0.66282743
-1.0390136
0.8913108
0.7910571
-0.5307671
-0.85061556
-0.18946218
-0.47276694
0.7812959
0.80552053
0.5615275
0.75238013
-0.6198098
0.09902025
1.2585603
-0.42478305
-0.24692336
-1.1197264
-0.5627376
0.021339793
-0.9894845
1.2878274
0.95551336
0.35404828
0.10319784
1.1412405
0.6227817
0.62851363
0.28805527
0.5079378
0.90705127
-0.44393295
-0.31941685
1.2671484
0.9651005
0.17454635
0.007825749
-0.62315786
0.5354133
0.9947596
0.743801
-0.22588176
-0.05450916
-0.24177468
1.0049576
0.021752276
0.8480143
0.2242442
0.19786005
0.5651964
0.31472895
0.6046071
-1.0865643
0.19592845
-0.05598623
-0.4237484
-0.023467094
0.24337289
1.2708514
0.12981944
-0.11641969
0.4702397
0.18453227
-0.1811559
0.27506986
-0.32913727
-0.44907275
0.24038586
0.7586312
0.30486956
0.3213281
-0.12598547
0.6083232
-0.4628376
0.5280526
0.8366913
0.26073146
-0.43114707
0.08866348
0.27248693
0.012036341
0.52844113
0.27948597
0.2292055
0.16610834
1.0984476
0.03167158
-0.25545344
-0.6601866
0.37302163
-0.19084631
1.2944503
0.068024434
0.46583134
0.20275287
0.352865
-0.29253295
-0.2516463
-0.54590815
0.6418265
-0.54695183
0.81871915
0.3094441
0.83293474
0.44280115
-0.6098525
0.6492487
0.486799
-0.09805941
-0.32188526
0.06967429
-0.21836127
0.17468175
-0.61352
-0.041585334
-0.4280832
0.43375495
-0.0068158098
0.6662328
-0.22420724
-0.8042322
-0.010380439
0.19246183
0.09004425
0.6434411
0.48919377
-0.47545126
-0.21260728
0.3915038
-0.85492283
0.5538414
0.1710476
-0.49939778
0.8620657
-0.34350288
-0.014690924
0.66153777
-0.27262163
1.1053802
0.082398616
0.45998454
0.6996089
0.44498533
1.484194
-0.6292351
0.2971905
-0.080844074
0.445973
0.7367559
0.06915945
0.5596883
-0.6178447
0.27030316
-0.39943632
-0.4355238
0.29486635
0.20012549
0.2843816
-0.021823358
-0.2022243
-0.68989813
-0.15445407
0.34916013
-0.26321208
0.7354693
0.09206068
-0.0544199
-1.0635983
0.310952
0.44691864
-1.2018136
0.5201531
-0.5110066
-0.8127127
0.12840728
-0.38321394
-0.8312431
-0.33165833
0.40617657
0.56380904
0.17301211
0.55531657
0.05902751
0.35432008
-0.05531864
0.73014253
0.016507212
0.3059821
0.3377063
-0.059180837
1.1238269
1.1035147
1.4752846
0.5605547
-0.6839506
-1.0572782
-0.45365867
0.15036935
-0.98289275
-0.52970695
0.2830472
-0.9774348
-1.0795921
-1.2843558
-0.5596115
0.0906783
-0.50743496
-1.2733173
0.5510552
-0.015474943
-0.18965062
-0.40375775
0.6814788
0.9141537
0.41553304
-0.2519166
0.5818741
-1.1543998
0.11249532
-0.31152278
0.44234028
-0.6015239
-0.20914076
-0.6196739
-0.38719705
0.41224903
-0.48996595
0.18513423
-0.35248807
0.038879286
-0.2873604
0.26282197
0.21030869
-0.5593741
-0.9115058
-0.6196144
0.106603935
-0.4014891
-0.683159
0.1511076
-0.014365401
0.50510436
-0.50971466
-0.31521395
0.26750645
0.22903459
-0.17500582
-0.3094727
0.54707795
0.96327543
1.3559524
0.5599915
0.5956773
0.52019817
0.72755194
-0.23675348
0.6959367
-0.64696735
-0.35315284
-0.22679278
-0.6917986
0.045640714
0.5171632
-0.4074394
-0.650298
-0.270483
0.3290462
-0.22252356
0.64071786
-0.1677818
-0.10915327
0.19037308
0.3937621
-0.31526482
-0.319397
0.20276286
-0.410945
0.39604783
0.24130332
-0.534916
0.07804587
0.7665876
-0.30810037
0.7329476
0.42236128
0.24918783
0.94887537
0.52068025
-0.13741484
0.068902984
-0.33724222
-0.118865564
0.26284793
0.8795239
0.08273606
-0.2991545
0.29987445
-0.14353138
1.0185051
0.14777151
0.3131339
0.45679122
0.09022986
0.2330913
0.83820087
-0.82285225
-0.05410799
-0.2707968
-0.41309094
-0.45544696
-0.18417972
0.5108752
-0.6933225
0.26549506
0.34788063
0.20732544
-0.3135742
-0.04890946
-0.22281234
-0.1961796
-0.41136277
0.21625194
0.09182124
0.19412963
-0.020435425
-0.04789537
-0.15661119
0.07001136
0.27281928
-0.17722087
0.35543433
-0.29756105
0.42634028
-0.3200217
0.37302753
-0.70395947
0.29910254
-0.73216224
-0.22994658
-0.01316843
-1.2774777
0.5399157
0.19279924
0.47093335
0.850941
0.6848941
-0.4203527
-0.40813747
-0.15864839
-0.1353156
-0.50369257
-0.4921085
-0.7039904
0.15096843
0.14438428
0.44153017
0.7224638
-0.17788959
0.46483222
0.6777386
0.26796287
0.013582792
0.69476944
-0.2273055
0.12137815
-0.17499329
0.65309495
-0.63698596
1.1176438
-0.346359
0.22005542
0.6011011
-0.31150684
0.10824849
0.7856615
-0.43919942
0.26211026
-0.32409015
0.36980718
0.4550812
0.70856565
0.6406219
-0.9650877
-0.09110411
0.6098411
0.13815688
-0.1949791
-0.39999464
-0.20928104
0.21001248
-0.4078394
1.1320875
0.5130855
-0.87469983
0.6996843
-0.2775773
0.43432763
0.48501125
-0.057966333
0.14423774
0.35364982
-0.5667478
-0.3463066
-0.4265845
-0.16423948
-0.2593191
0.10918475
0.10182782
-0.12908092
0.06581148
-0.14010766
-0.23537433
0.28576985
-0.3149245
0.8326528
0.339615
-0.13258716
-0.0848782
-0.74360144
0.43596578
1.056848
0.6102846
1.0564215
0.15086813
-0.42699796
0.09988671
0.08956787
0.4234408
0.85837233
0.2764653
1.1461186
0.07513271
0.30920905
-0.17778122
0.14855962
0.025113488
0.13756557
-0.30097345
-0.34836343
-0.20671041
0.7951972
-0.29410422
-1.0402277
0.35987425
0.087283425
0.45306116
-0.55672747
-0.23114519
1.2187963
0.6450643
-0.18737747
0.8168095
0.46068886
-0.13281897
-0.30447736
-0.5155685
0.1869053
0.9706376
-0.38784248
-0.11585796
0.2968779
1.1299351
0.120230116
0.1788001
-0.0033512316
0.3088893
-0.14575043
-0.22217949
-0.88787013
0.09238767
-0.082219735
0.005818059
0.08105895
0.33829865
0.5235369
0.7787126
-0.8612026
-0.5999669
0.82744116
0.33692086
-1.0874888
0.3539101
0.8881687
0.35767314
-0.40374076
0.43733433
-0.33269286
1.0591459
0.59356713
1.6604536
0.80028707
-0.46212685
0.100683235
0.088629514
-0.15294787
-0.080648705
0.3695469
0.28796437
-0.192677
-0.6244989
-0.08914684
-0.5997129
-0.15694495
-0.68381435
-0.15907462
-0.5374118
-0.51781577
0.6327592
-0.40932864
0.30127412
-0.31628844
-0.024181636
0.1843973
0.81878054
-0.05165891
0.29791826
0.9498357
-0.32293817
1.1107335
0.07537342
-0.47858423
0.40465665
0.03791522
-0.3278571
0.2725075
1.343222
0.050974827
0.21226405
0.21602128
0.91319555
-0.61723566
0.2180125
0.14024243
0.15927222
-0.66913736
-0.08129692
-0.22769392
0.24468258
0.56587124
-0.6413999
-0.42186093
0.24109228
0.17343466
-0.7505389
0.4322749
-0.10045554
0.23324414
0.18509996
0.039249904
-0.1321241
1.18199
0.35363913
-0.43532494
0.6880753
-0.5173867
-0.10268974
-0.33873314
0.57114565
-0.6208226
-0.3250938
0.08852698
-0.02287902
-0.36279058
-0.2016546
-0.1227393
0.9693269
-0.12380688
0.35117352
0.014951454
0.1494026
-1.0322497
0.54215735
0.4910918
-0.21336702
0.17628995
0.85315645
-0.06447842
0.2936198
-0.7281525
0.56234
-0.46709043
0.27078393
-0.35646808
0.62476283
0.25114673
0.11775092
0.4516737
0.76647246
-0.47919664
0.76865804
-10.188397
